# ZND: DETONATION STRUCTURE CALCULATION
# CALCULATION RUN ON 30-Apr-2026

# INITIAL CONDITIONS
# TEMPERATURE (K) 300.0
# PRESSURE (atm) 1.0
# DENSITY (kg/m^3) 8.3836e-01
# SHOCK SPEED (m/s) 3000.00

# Induction Times
# Time to Peak Thermicity =   1.7660e-08 s
# Distance to Peak Thermicity =   8.1786e-06 m

# Exothermic/Reaction Times
# Exothermic Pulse Time =   2.3355e-08 s
# Exothermic Pulse Distance =   1.1551e-05 m
# REACTION ZONE STRUCTURE

# THE OUTPUT DATA COLUMNS ARE:
Variables = Distance (m), Mach Number, Time (s), Pressure (atm), Temperature (K), Density (kg/m^3), Thermicity (1/s)
   0.00000e+00 	    3.72879e-01 	    0.00000e+00 	    6.48621e+06 	    2.98914e+03 	    5.45756e+00 	   -2.96235e+05
   7.57712e-09 	    3.72878e-01 	    1.64419e-11 	    6.48622e+06 	    2.98913e+03 	    5.45759e+00 	   -2.96981e+05
   1.51542e-08 	    3.72877e-01 	    3.28837e-11 	    6.48623e+06 	    2.98911e+03 	    5.45762e+00 	   -2.97727e+05
   2.27312e-08 	    3.72875e-01 	    4.93256e-11 	    6.48623e+06 	    2.98910e+03 	    5.45765e+00 	   -2.98473e+05
   4.90106e-08 	    3.72871e-01 	    1.06351e-10 	    6.48626e+06 	    2.98905e+03 	    5.45776e+00 	   -3.01039e+05
   7.52894e-08 	    3.72866e-01 	    1.63377e-10 	    6.48628e+06 	    2.98900e+03 	    5.45787e+00 	   -3.03559e+05
   1.01568e-07 	    3.72862e-01 	    2.20403e-10 	    6.48630e+06 	    2.98895e+03 	    5.45798e+00 	   -3.06007e+05
   1.27845e-07 	    3.72857e-01 	    2.77429e-10 	    6.48633e+06 	    2.98890e+03 	    5.45809e+00 	   -3.08365e+05
   1.70342e-07 	    3.72850e-01 	    3.69653e-10 	    6.48636e+06 	    2.98881e+03 	    5.45827e+00 	   -3.11954e+05
   2.12837e-07 	    3.72842e-01 	    4.61877e-10 	    6.48640e+06 	    2.98873e+03 	    5.45846e+00 	   -3.15233e+05
   2.55330e-07 	    3.72835e-01 	    5.54102e-10 	    6.48644e+06 	    2.98864e+03 	    5.45864e+00 	   -3.18185e+05
   2.97822e-07 	    3.72827e-01 	    6.46326e-10 	    6.48648e+06 	    2.98855e+03 	    5.45883e+00 	   -3.20809e+05
   3.40313e-07 	    3.72819e-01 	    7.38551e-10 	    6.48652e+06 	    2.98846e+03 	    5.45902e+00 	   -3.23113e+05
   4.20565e-07 	    3.72804e-01 	    9.12744e-10 	    6.48660e+06 	    2.98829e+03 	    5.45938e+00 	   -3.26634e+05
   5.00812e-07 	    3.72789e-01 	    1.08694e-09 	    6.48667e+06 	    2.98811e+03 	    5.45974e+00 	   -3.29143e+05
   5.81054e-07 	    3.72774e-01 	    1.26113e-09 	    6.48675e+06 	    2.98793e+03 	    5.46010e+00 	   -3.30731e+05
   6.61290e-07 	    3.72759e-01 	    1.43532e-09 	    6.48683e+06 	    2.98775e+03 	    5.46047e+00 	   -3.31479e+05
   7.41521e-07 	    3.72744e-01 	    1.60952e-09 	    6.48691e+06 	    2.98757e+03 	    5.46083e+00 	   -3.31445e+05
   8.36498e-07 	    3.72726e-01 	    1.81574e-09 	    6.48700e+06 	    2.98735e+03 	    5.46127e+00 	   -3.30447e+05
   9.31469e-07 	    3.72708e-01 	    2.02197e-09 	    6.48709e+06 	    2.98713e+03 	    5.46170e+00 	   -3.28449e+05
   1.02643e-06 	    3.72690e-01 	    2.22820e-09 	    6.48718e+06 	    2.98691e+03 	    5.46213e+00 	   -3.25467e+05
   1.12139e-06 	    3.72672e-01 	    2.43442e-09 	    6.48727e+06 	    2.98669e+03 	    5.46255e+00 	   -3.21498e+05
   1.21633e-06 	    3.72655e-01 	    2.64065e-09 	    6.48736e+06 	    2.98647e+03 	    5.46297e+00 	   -3.16524e+05
   1.33171e-06 	    3.72634e-01 	    2.89127e-09 	    6.48747e+06 	    2.98620e+03 	    5.46346e+00 	   -3.09085e+05
   1.44708e-06 	    3.72613e-01 	    3.14189e-09 	    6.48757e+06 	    2.98594e+03 	    5.46395e+00 	   -3.00053e+05
   1.56244e-06 	    3.72594e-01 	    3.39251e-09 	    6.48767e+06 	    2.98569e+03 	    5.46442e+00 	   -2.89345e+05
   1.67778e-06 	    3.72575e-01 	    3.64313e-09 	    6.48776e+06 	    2.98544e+03 	    5.46487e+00 	   -2.76866e+05
   1.79312e-06 	    3.72557e-01 	    3.89375e-09 	    6.48785e+06 	    2.98521e+03 	    5.46530e+00 	   -2.62507e+05
   1.93007e-06 	    3.72536e-01 	    4.19135e-09 	    6.48795e+06 	    2.98494e+03 	    5.46577e+00 	   -2.42854e+05
   2.06701e-06 	    3.72518e-01 	    4.48896e-09 	    6.48805e+06 	    2.98469e+03 	    5.46621e+00 	   -2.20171e+05
   2.20394e-06 	    3.72502e-01 	    4.78657e-09 	    6.48813e+06 	    2.98446e+03 	    5.46660e+00 	   -1.94223e+05
   2.34086e-06 	    3.72487e-01 	    5.08418e-09 	    6.48820e+06 	    2.98426e+03 	    5.46694e+00 	   -1.64761e+05
   2.47777e-06 	    3.72476e-01 	    5.38178e-09 	    6.48826e+06 	    2.98408e+03 	    5.46722e+00 	   -1.31517e+05
   2.61468e-06 	    3.72467e-01 	    5.67939e-09 	    6.48831e+06 	    2.98394e+03 	    5.46744e+00 	   -9.42065e+04
   2.79737e-06 	    3.72460e-01 	    6.07654e-09 	    6.48834e+06 	    2.98381e+03 	    5.46761e+00 	   -3.75692e+04
   2.98005e-06 	    3.72460e-01 	    6.47368e-09 	    6.48835e+06 	    2.98376e+03 	    5.46762e+00 	    2.75823e+04
   3.16274e-06 	    3.72468e-01 	    6.87082e-09 	    6.48831e+06 	    2.98380e+03 	    5.46746e+00 	    1.02035e+05
   3.34543e-06 	    3.72484e-01 	    7.26797e-09 	    6.48823e+06 	    2.98394e+03 	    5.46710e+00 	    1.86617e+05
   3.52814e-06 	    3.72510e-01 	    7.66511e-09 	    6.48811e+06 	    2.98420e+03 	    5.46651e+00 	    2.82204e+05
   3.71088e-06 	    3.72548e-01 	    8.06225e-09 	    6.48793e+06 	    2.98460e+03 	    5.46567e+00 	    3.89731e+05
   3.89365e-06 	    3.72597e-01 	    8.45940e-09 	    6.48769e+06 	    2.98515e+03 	    5.46453e+00 	    5.10210e+05
   4.10003e-06 	    3.72671e-01 	    8.90773e-09 	    6.48734e+06 	    2.98598e+03 	    5.46287e+00 	    6.63158e+05
   4.30648e-06 	    3.72764e-01 	    9.35606e-09 	    6.48689e+06 	    2.98706e+03 	    5.46074e+00 	    8.35705e+05
   4.51302e-06 	    3.72881e-01 	    9.80439e-09 	    6.48633e+06 	    2.98843e+03 	    5.45810e+00 	    1.02965e+06
   4.71967e-06 	    3.73023e-01 	    1.02527e-08 	    6.48564e+06 	    2.99013e+03 	    5.45487e+00 	    1.24688e+06
   4.92645e-06 	    3.73195e-01 	    1.07011e-08 	    6.48482e+06 	    2.99219e+03 	    5.45099e+00 	    1.48904e+06
   5.13340e-06 	    3.73398e-01 	    1.11494e-08 	    6.48384e+06 	    2.99466e+03 	    5.44639e+00 	    1.75732e+06
   5.34053e-06 	    3.73637e-01 	    1.15977e-08 	    6.48268e+06 	    2.99759e+03 	    5.44099e+00 	    2.05214e+06
   5.51207e-06 	    3.73864e-01 	    1.19686e-08 	    6.48159e+06 	    3.00040e+03 	    5.43588e+00 	    2.31543e+06
   5.68378e-06 	    3.74120e-01 	    1.23396e-08 	    6.48036e+06 	    3.00358e+03 	    5.43013e+00 	    2.59469e+06
   5.85568e-06 	    3.74405e-01 	    1.27105e-08 	    6.47898e+06 	    3.00716e+03 	    5.42371e+00 	    2.88753e+06
   6.02780e-06 	    3.74722e-01 	    1.30814e-08 	    6.47745e+06 	    3.01117e+03 	    5.41661e+00 	    3.19034e+06
   6.20015e-06 	    3.75072e-01 	    1.34523e-08 	    6.47576e+06 	    3.01561e+03 	    5.40880e+00 	    3.49841e+06
   6.37277e-06 	    3.75454e-01 	    1.38233e-08 	    6.47392e+06 	    3.02050e+03 	    5.40027e+00 	    3.80624e+06
   6.54566e-06 	    3.75869e-01 	    1.41942e-08 	    6.47191e+06 	    3.02585e+03 	    5.39105e+00 	    4.10745e+06
   6.72333e-06 	    3.76328e-01 	    1.45746e-08 	    6.46970e+06 	    3.03180e+03 	    5.38089e+00 	    4.40255e+06
   6.90134e-06 	    3.76818e-01 	    1.49551e-08 	    6.46733e+06 	    3.03821e+03 	    5.37007e+00 	    4.67664e+06
   7.07971e-06 	    3.77337e-01 	    1.53356e-08 	    6.46482e+06 	    3.04505e+03 	    5.35864e+00 	    4.92304e+06
   7.25848e-06 	    3.77883e-01 	    1.57160e-08 	    6.46218e+06 	    3.05229e+03 	    5.34669e+00 	    5.13655e+06
   7.43766e-06 	    3.78451e-01 	    1.60965e-08 	    6.45943e+06 	    3.05988e+03 	    5.33429e+00 	    5.31368e+06
   7.61726e-06 	    3.79038e-01 	    1.64770e-08 	    6.45659e+06 	    3.06778e+03 	    5.32154e+00 	    5.45257e+06
   7.79729e-06 	    3.79640e-01 	    1.68574e-08 	    6.45368e+06 	    3.07593e+03 	    5.30854e+00 	    5.55337e+06
   7.97777e-06 	    3.80252e-01 	    1.72379e-08 	    6.45071e+06 	    3.08429e+03 	    5.29536e+00 	    5.61841e+06
   8.17862e-06 	    3.80940e-01 	    1.76602e-08 	    6.44738e+06 	    3.09374e+03 	    5.28064e+00 	    5.65240e+06
   8.38002e-06 	    3.81631e-01 	    1.80824e-08 	    6.44403e+06 	    3.10330e+03 	    5.26591e+00 	    5.65236e+06
   8.58199e-06 	    3.82323e-01 	    1.85047e-08 	    6.44067e+06 	    3.11294e+03 	    5.25124e+00 	    5.62542e+06
   8.78452e-06 	    3.83012e-01 	    1.89270e-08 	    6.43733e+06 	    3.12258e+03 	    5.23671e+00 	    5.57747e+06
   8.98761e-06 	    3.83697e-01 	    1.93493e-08 	    6.43401e+06 	    3.13221e+03 	    5.22235e+00 	    5.51470e+06
   9.19126e-06 	    3.84374e-01 	    1.97715e-08 	    6.43072e+06 	    3.14178e+03 	    5.20819e+00 	    5.44258e+06
   9.39545e-06 	    3.85045e-01 	    2.01938e-08 	    6.42746e+06 	    3.15128e+03 	    5.19426e+00 	    5.36403e+06
   9.60019e-06 	    3.85707e-01 	    2.06161e-08 	    6.42424e+06 	    3.16069e+03 	    5.18057e+00 	    5.28261e+06
   9.80547e-06 	    3.86360e-01 	    2.10384e-08 	    6.42106e+06 	    3.16999e+03 	    5.16711e+00 	    5.19998e+06
   1.00113e-05 	    3.87005e-01 	    2.14606e-08 	    6.41792e+06 	    3.17918e+03 	    5.15389e+00 	    5.11704e+06
   1.02216e-05 	    3.87653e-01 	    2.18912e-08 	    6.41476e+06 	    3.18844e+03 	    5.14066e+00 	    5.03327e+06
   1.04325e-05 	    3.88293e-01 	    2.23217e-08 	    6.41164e+06 	    3.19757e+03 	    5.12767e+00 	    4.95048e+06
   1.06440e-05 	    3.88923e-01 	    2.27522e-08 	    6.40857e+06 	    3.20658e+03 	    5.11492e+00 	    4.86854e+06
   1.08559e-05 	    3.89544e-01 	    2.31827e-08 	    6.40554e+06 	    3.21545e+03 	    5.10241e+00 	    4.78769e+06
   1.10684e-05 	    3.90156e-01 	    2.36133e-08 	    6.40254e+06 	    3.22421e+03 	    5.09012e+00 	    4.70794e+06
   1.12814e-05 	    3.90760e-01 	    2.40438e-08 	    6.39959e+06 	    3.23283e+03 	    5.07807e+00 	    4.62891e+06
   1.15458e-05 	    3.91495e-01 	    2.45769e-08 	    6.39600e+06 	    3.24334e+03 	    5.06345e+00 	    4.53198e+06
   1.18110e-05 	    3.92217e-01 	    2.51101e-08 	    6.39246e+06 	    3.25365e+03 	    5.04917e+00 	    4.43659e+06
   1.20770e-05 	    3.92925e-01 	    2.56432e-08 	    6.38899e+06 	    3.26377e+03 	    5.03522e+00 	    4.34269e+06
   1.23436e-05 	    3.93621e-01 	    2.61764e-08 	    6.38558e+06 	    3.27370e+03 	    5.02159e+00 	    4.24930e+06
   1.26110e-05 	    3.94303e-01 	    2.67095e-08 	    6.38224e+06 	    3.28344e+03 	    5.00829e+00 	    4.15717e+06
   1.28791e-05 	    3.94972e-01 	    2.72427e-08 	    6.37895e+06 	    3.29299e+03 	    4.99530e+00 	    4.06698e+06
   1.32161e-05 	    3.95793e-01 	    2.79109e-08 	    6.37492e+06 	    3.30471e+03 	    4.97946e+00 	    3.95560e+06
   1.35541e-05 	    3.96594e-01 	    2.85791e-08 	    6.37099e+06 	    3.31614e+03 	    4.96409e+00 	    3.84635e+06
   1.38932e-05 	    3.97375e-01 	    2.92473e-08 	    6.36715e+06 	    3.32730e+03 	    4.94917e+00 	    3.73988e+06
   1.42333e-05 	    3.98137e-01 	    2.99156e-08 	    6.36340e+06 	    3.33819e+03 	    4.93471e+00 	    3.63608e+06
   1.45743e-05 	    3.98881e-01 	    3.05838e-08 	    6.35975e+06 	    3.34881e+03 	    4.92067e+00 	    3.53525e+06
   1.49164e-05 	    3.99606e-01 	    3.12520e-08 	    6.35618e+06 	    3.35917e+03 	    4.90706e+00 	    3.43693e+06
   1.53282e-05 	    4.00453e-01 	    3.20542e-08 	    6.35201e+06 	    3.37129e+03 	    4.89124e+00 	    3.32298e+06
   1.57413e-05 	    4.01274e-01 	    3.28564e-08 	    6.34797e+06 	    3.38305e+03 	    4.87599e+00 	    3.21317e+06
   1.61558e-05 	    4.02072e-01 	    3.36586e-08 	    6.34404e+06 	    3.39447e+03 	    4.86127e+00 	    3.10737e+06
   1.65714e-05 	    4.02846e-01 	    3.44608e-08 	    6.34023e+06 	    3.40556e+03 	    4.84707e+00 	    3.00563e+06
   1.69883e-05 	    4.03597e-01 	    3.52630e-08 	    6.33653e+06 	    3.41633e+03 	    4.83337e+00 	    2.90783e+06
   1.74063e-05 	    4.04327e-01 	    3.60652e-08 	    6.33293e+06 	    3.42680e+03 	    4.82013e+00 	    2.81379e+06
   1.79327e-05 	    4.05212e-01 	    3.70724e-08 	    6.32857e+06 	    3.43952e+03 	    4.80415e+00 	    2.70092e+06
   1.84608e-05 	    4.06066e-01 	    3.80796e-08 	    6.32436e+06 	    3.45180e+03 	    4.78884e+00 	    2.59350e+06
   1.89906e-05 	    4.06889e-01 	    3.90867e-08 	    6.32030e+06 	    3.46365e+03 	    4.77418e+00 	    2.49145e+06
   1.95220e-05 	    4.07683e-01 	    4.00939e-08 	    6.31639e+06 	    3.47508e+03 	    4.76012e+00 	    2.39394e+06
   2.00549e-05 	    4.08449e-01 	    4.11011e-08 	    6.31261e+06 	    3.48612e+03 	    4.74664e+00 	    2.30210e+06
   2.05893e-05 	    4.09187e-01 	    4.21083e-08 	    6.30897e+06 	    3.49678e+03 	    4.73370e+00 	    2.21372e+06
   2.11643e-05 	    4.09951e-01 	    4.31890e-08 	    6.30520e+06 	    3.50782e+03 	    4.72039e+00 	    2.12296e+06
   2.17409e-05 	    4.10687e-01 	    4.42698e-08 	    6.30158e+06 	    3.51846e+03 	    4.70765e+00 	    2.03743e+06
   2.23191e-05 	    4.11395e-01 	    4.53505e-08 	    6.29808e+06 	    3.52871e+03 	    4.69544e+00 	    1.95616e+06
   2.28987e-05 	    4.12077e-01 	    4.64312e-08 	    6.29472e+06 	    3.53860e+03 	    4.68374e+00 	    1.87829e+06
   2.34797e-05 	    4.12734e-01 	    4.75120e-08 	    6.29148e+06 	    3.54813e+03 	    4.67253e+00 	    1.80416e+06
   2.43678e-05 	    4.13690e-01 	    4.91588e-08 	    6.28676e+06 	    3.56201e+03 	    4.65631e+00 	    1.69818e+06
   2.52588e-05 	    4.14594e-01 	    5.08056e-08 	    6.28231e+06 	    3.57514e+03 	    4.64109e+00 	    1.59922e+06
   2.61526e-05 	    4.15448e-01 	    5.24525e-08 	    6.27809e+06 	    3.58758e+03 	    4.62678e+00 	    1.50644e+06
   2.70491e-05 	    4.16257e-01 	    5.40993e-08 	    6.27410e+06 	    3.59936e+03 	    4.61332e+00 	    1.41996e+06
   2.79482e-05 	    4.17022e-01 	    5.57462e-08 	    6.27033e+06 	    3.61052e+03 	    4.60066e+00 	    1.33929e+06
   2.93066e-05 	    4.18098e-01 	    5.82260e-08 	    6.26503e+06 	    3.62623e+03 	    4.58298e+00 	    1.22695e+06
   3.06699e-05 	    4.19088e-01 	    6.07059e-08 	    6.26014e+06 	    3.64072e+03 	    4.56682e+00 	    1.12457e+06
   3.20379e-05 	    4.20000e-01 	    6.31858e-08 	    6.25564e+06 	    3.65408e+03 	    4.55204e+00 	    1.03156e+06
   3.34102e-05 	    4.20841e-01 	    6.56657e-08 	    6.25150e+06 	    3.66641e+03 	    4.53851e+00 	    9.46872e+05
   3.47864e-05 	    4.21615e-01 	    6.81456e-08 	    6.24768e+06 	    3.67778e+03 	    4.52611e+00 	    8.69227e+05
   3.65620e-05 	    4.22522e-01 	    7.13358e-08 	    6.24321e+06 	    3.69111e+03 	    4.51167e+00 	    7.78797e+05
   3.83431e-05 	    4.23339e-01 	    7.45260e-08 	    6.23919e+06 	    3.70313e+03 	    4.49876e+00 	    6.98417e+05
   4.01290e-05 	    4.24074e-01 	    7.77163e-08 	    6.23556e+06 	    3.71396e+03 	    4.48720e+00 	    6.26764e+05
   4.19192e-05 	    4.24736e-01 	    8.09065e-08 	    6.23230e+06 	    3.72371e+03 	    4.47685e+00 	    5.62197e+05
   4.37134e-05 	    4.25331e-01 	    8.40968e-08 	    6.22937e+06 	    3.73250e+03 	    4.46758e+00 	    5.04110e+05
   4.58748e-05 	    4.25968e-01 	    8.79317e-08 	    6.22623e+06 	    3.74192e+03 	    4.45770e+00 	    4.42873e+05
   4.80407e-05 	    4.26530e-01 	    9.17667e-08 	    6.22347e+06 	    3.75021e+03 	    4.44903e+00 	    3.88486e+05
   5.02106e-05 	    4.27024e-01 	    9.56017e-08 	    6.22104e+06 	    3.75752e+03 	    4.44143e+00 	    3.41216e+05
   5.23839e-05 	    4.27459e-01 	    9.94367e-08 	    6.21889e+06 	    3.76396e+03 	    4.43477e+00 	    3.00209e+05
   5.45603e-05 	    4.27841e-01 	    1.03272e-07 	    6.21701e+06 	    3.76964e+03 	    4.42891e+00 	    2.63498e+05
   5.67394e-05 	    4.28178e-01 	    1.07107e-07 	    6.21535e+06 	    3.77463e+03 	    4.42377e+00 	    2.31336e+05
   5.93183e-05 	    4.28525e-01 	    1.11640e-07 	    6.21364e+06 	    3.77977e+03 	    4.41850e+00 	    1.98967e+05
   6.19001e-05 	    4.28823e-01 	    1.16173e-07 	    6.21218e+06 	    3.78419e+03 	    4.41398e+00 	    1.70247e+05
   6.44843e-05 	    4.29079e-01 	    1.20707e-07 	    6.21092e+06 	    3.78799e+03 	    4.41011e+00 	    1.46401e+05
   6.70707e-05 	    4.29299e-01 	    1.25240e-07 	    6.20984e+06 	    3.79126e+03 	    4.40678e+00 	    1.25659e+05
   6.96588e-05 	    4.29488e-01 	    1.29773e-07 	    6.20891e+06 	    3.79407e+03 	    4.40393e+00 	    1.07922e+05
   7.22485e-05 	    4.29650e-01 	    1.34306e-07 	    6.20811e+06 	    3.79648e+03 	    4.40148e+00 	    9.26092e+04
   7.56137e-05 	    4.29828e-01 	    1.40194e-07 	    6.20723e+06 	    3.79912e+03 	    4.39881e+00 	    7.59809e+04
   7.89808e-05 	    4.29973e-01 	    1.46081e-07 	    6.20652e+06 	    3.80128e+03 	    4.39662e+00 	    6.23350e+04
   8.23493e-05 	    4.30093e-01 	    1.51968e-07 	    6.20593e+06 	    3.80306e+03 	    4.39482e+00 	    5.11405e+04
   8.57191e-05 	    4.30191e-01 	    1.57856e-07 	    6.20545e+06 	    3.80452e+03 	    4.39335e+00 	    4.19566e+04
   8.90900e-05 	    4.30272e-01 	    1.63743e-07 	    6.20505e+06 	    3.80572e+03 	    4.39214e+00 	    3.44246e+04
   9.24617e-05 	    4.30338e-01 	    1.69630e-07 	    6.20473e+06 	    3.80670e+03 	    4.39115e+00 	    2.82463e+04
   9.77387e-05 	    4.30418e-01 	    1.78842e-07 	    6.20433e+06 	    3.80790e+03 	    4.38994e+00 	    2.07208e+04
   1.03017e-04 	    4.30477e-01 	    1.88054e-07 	    6.20404e+06 	    3.80878e+03 	    4.38906e+00 	    1.52034e+04
   1.08296e-04 	    4.30521e-01 	    1.97266e-07 	    6.20383e+06 	    3.80942e+03 	    4.38841e+00 	    1.11546e+04
   1.13576e-04 	    4.30553e-01 	    2.06478e-07 	    6.20367e+06 	    3.80990e+03 	    4.38793e+00 	    8.18385e+03
   1.18856e-04 	    4.30576e-01 	    2.15690e-07 	    6.20355e+06 	    3.81024e+03 	    4.38758e+00 	    6.00374e+03
   1.24137e-04 	    4.30593e-01 	    2.24902e-07 	    6.20347e+06 	    3.81050e+03 	    4.38733e+00 	    4.40533e+03
   1.31595e-04 	    4.30610e-01 	    2.37912e-07 	    6.20339e+06 	    3.81075e+03 	    4.38707e+00 	    2.83716e+03
   1.39054e-04 	    4.30621e-01 	    2.50922e-07 	    6.20333e+06 	    3.81091e+03 	    4.38691e+00 	    1.83198e+03
   1.46513e-04 	    4.30628e-01 	    2.63931e-07 	    6.20330e+06 	    3.81101e+03 	    4.38681e+00 	    1.18143e+03
   1.53972e-04 	    4.30632e-01 	    2.76941e-07 	    6.20328e+06 	    3.81108e+03 	    4.38674e+00 	    7.62033e+02
   1.61431e-04 	    4.30635e-01 	    2.89951e-07 	    6.20326e+06 	    3.81112e+03 	    4.38670e+00 	    4.90418e+02
   1.68890e-04 	    4.30637e-01 	    3.02961e-07 	    6.20325e+06 	    3.81115e+03 	    4.38667e+00 	    3.16883e+02
   1.81020e-04 	    4.30639e-01 	    3.24118e-07 	    6.20325e+06 	    3.81118e+03 	    4.38664e+00 	    1.48155e+02
   1.93151e-04 	    4.30639e-01 	    3.45275e-07 	    6.20324e+06 	    3.81119e+03 	    4.38663e+00 	    7.23957e+01
   2.05282e-04 	    4.30640e-01 	    3.66432e-07 	    6.20324e+06 	    3.81120e+03 	    4.38662e+00 	    3.56247e+01
   2.17412e-04 	    4.30640e-01 	    3.87590e-07 	    6.20324e+06 	    3.81120e+03 	    4.38662e+00 	    1.81296e+01
   2.29543e-04 	    4.30640e-01 	    4.08747e-07 	    6.20324e+06 	    3.81120e+03 	    4.38662e+00 	    8.14754e+00
   2.41673e-04 	    4.30640e-01 	    4.29904e-07 	    6.20324e+06 	    3.81120e+03 	    4.38662e+00 	    4.08751e+00
   2.66279e-04 	    4.30640e-01 	    4.72820e-07 	    6.20324e+06 	    3.81120e+03 	    4.38662e+00 	   -5.53545e+00
   2.90885e-04 	    4.30640e-01 	    5.15735e-07 	    6.20324e+06 	    3.81120e+03 	    4.38662e+00 	   -6.51025e+00
   3.15491e-04 	    4.30640e-01 	    5.58651e-07 	    6.20324e+06 	    3.81120e+03 	    4.38662e+00 	    3.98977e+00
   3.40097e-04 	    4.30640e-01 	    6.01566e-07 	    6.20324e+06 	    3.81120e+03 	    4.38662e+00 	    1.18587e+00
   3.64703e-04 	    4.30640e-01 	    6.44482e-07 	    6.20324e+06 	    3.81120e+03 	    4.38662e+00 	    2.71375e-01
   3.89308e-04 	    4.30640e-01 	    6.87397e-07 	    6.20324e+06 	    3.81120e+03 	    4.38662e+00 	   -1.32895e+00
   4.40424e-04 	    4.30640e-01 	    7.76549e-07 	    6.20324e+06 	    3.81120e+03 	    4.38662e+00 	   -1.60119e+00
   4.91540e-04 	    4.30640e-01 	    8.65701e-07 	    6.20324e+06 	    3.81120e+03 	    4.38662e+00 	    2.02709e+00
   5.42656e-04 	    4.30640e-01 	    9.54853e-07 	    6.20324e+06 	    3.81120e+03 	    4.38662e+00 	    6.12005e-01
   5.93771e-04 	    4.30640e-01 	    1.04401e-06 	    6.20324e+06 	    3.81120e+03 	    4.38662e+00 	   -1.27323e-01
   6.44887e-04 	    4.30640e-01 	    1.13316e-06 	    6.20324e+06 	    3.81120e+03 	    4.38662e+00 	   -3.31407e-01
   8.67056e-04 	    4.30640e-01 	    1.52065e-06 	    6.20324e+06 	    3.81120e+03 	    4.38662e+00 	   -1.42906e-01
   1.08923e-03 	    4.30640e-01 	    1.90814e-06 	    6.20324e+06 	    3.81120e+03 	    4.38662e+00 	    5.54569e-01
   1.31139e-03 	    4.30640e-01 	    2.29563e-06 	    6.20324e+06 	    3.81120e+03 	    4.38662e+00 	   -1.41913e-02
   1.53356e-03 	    4.30640e-01 	    2.68312e-06 	    6.20324e+06 	    3.81120e+03 	    4.38662e+00 	   -1.23309e-01
   3.75526e-03 	    4.30640e-01 	    6.55801e-06 	    6.20324e+06 	    3.81120e+03 	    4.38662e+00 	    1.65856e-02
   5.97695e-03 	    4.30640e-01 	    1.04329e-05 	    6.20324e+06 	    3.81120e+03 	    4.38662e+00 	    2.43036e-02
   8.19864e-03 	    4.30640e-01 	    1.43078e-05 	    6.20324e+06 	    3.81120e+03 	    4.38662e+00 	   -2.18868e-02
   1.39322e-02 	    4.30640e-01 	    2.43078e-05 	    6.20324e+06 	    3.81120e+03 	    4.38662e+00 	   -4.28636e-02
   1.96657e-02 	    4.30640e-01 	    3.43078e-05 	    6.20324e+06 	    3.81120e+03 	    4.38662e+00 	   -3.29368e-02
   2.53993e-02 	    4.30640e-01 	    4.43078e-05 	    6.20324e+06 	    3.81120e+03 	    4.38662e+00 	   -4.32089e-02
   3.11329e-02 	    4.30640e-01 	    5.43078e-05 	    6.20324e+06 	    3.81120e+03 	    4.38662e+00 	   -2.95861e-02
   3.68664e-02 	    4.30640e-01 	    6.43078e-05 	    6.20324e+06 	    3.81120e+03 	    4.38662e+00 	   -4.90965e-02
   4.26000e-02 	    4.30640e-01 	    7.43078e-05 	    6.20324e+06 	    3.81120e+03 	    4.38662e+00 	   -2.76063e-02
   4.83335e-02 	    4.30640e-01 	    8.43078e-05 	    6.20324e+06 	    3.81120e+03 	    4.38662e+00 	   -5.59136e-02
   5.40671e-02 	    4.30640e-01 	    9.43078e-05 	    6.20324e+06 	    3.81120e+03 	    4.38662e+00 	   -2.11098e-02
   5.98006e-02 	    4.30640e-01 	    1.04308e-04 	    6.20324e+06 	    3.81120e+03 	    4.38662e+00 	   -6.47272e-02
   6.55342e-02 	    4.30640e-01 	    1.14308e-04 	    6.20324e+06 	    3.81120e+03 	    4.38662e+00 	   -1.05349e-02
   7.12677e-02 	    4.30640e-01 	    1.24308e-04 	    6.20324e+06 	    3.81120e+03 	    4.38662e+00 	   -7.83208e-02
   7.70013e-02 	    4.30640e-01 	    1.34308e-04 	    6.20324e+06 	    3.81120e+03 	    4.38662e+00 	    6.09385e-03
   8.27348e-02 	    4.30640e-01 	    1.44308e-04 	    6.20324e+06 	    3.81120e+03 	    4.38662e+00 	   -9.92600e-02
   8.84684e-02 	    4.30640e-01 	    1.54308e-04 	    6.20324e+06 	    3.81120e+03 	    4.38662e+00 	    3.21044e-02
   9.42019e-02 	    4.30640e-01 	    1.64308e-04 	    6.20324e+06 	    3.81120e+03 	    4.38662e+00 	   -1.31762e-01
   9.99355e-02 	    4.30640e-01 	    1.74308e-04 	    6.20324e+06 	    3.81120e+03 	    4.38662e+00 	    7.26009e-02
   1.05669e-01 	    4.30640e-01 	    1.84308e-04 	    6.20324e+06 	    3.81120e+03 	    4.38662e+00 	   -1.82300e-01
   1.11403e-01 	    4.30640e-01 	    1.94308e-04 	    6.20324e+06 	    3.81120e+03 	    4.38662e+00 	    1.35614e-01
   1.17136e-01 	    4.30640e-01 	    2.04308e-04 	    6.20324e+06 	    3.81120e+03 	    4.38662e+00 	   -2.60904e-01
   1.22870e-01 	    4.30640e-01 	    2.14308e-04 	    6.20324e+06 	    3.81120e+03 	    4.38662e+00 	    2.33645e-01
   1.28603e-01 	    4.30640e-01 	    2.24308e-04 	    6.20324e+06 	    3.81120e+03 	    4.38662e+00 	   -3.83176e-01
   1.34337e-01 	    4.30640e-01 	    2.34308e-04 	    6.20324e+06 	    3.81120e+03 	    4.38662e+00 	    3.86145e-01
   1.40070e-01 	    4.30640e-01 	    2.44308e-04 	    6.20324e+06 	    3.81120e+03 	    4.38662e+00 	   -5.73381e-01
   1.45804e-01 	    4.30640e-01 	    2.54308e-04 	    6.20324e+06 	    3.81120e+03 	    4.38662e+00 	    6.23374e-01
   1.51537e-01 	    4.30640e-01 	    2.64308e-04 	    6.20324e+06 	    3.81120e+03 	    4.38662e+00 	   -8.69261e-01
   1.57271e-01 	    4.30640e-01 	    2.74308e-04 	    6.20324e+06 	    3.81120e+03 	    4.38662e+00 	    9.92409e-01
   1.63005e-01 	    4.30640e-01 	    2.84308e-04 	    6.20324e+06 	    3.81120e+03 	    4.38662e+00 	   -1.32953e+00
   1.68738e-01 	    4.30640e-01 	    2.94308e-04 	    6.20324e+06 	    3.81120e+03 	    4.38662e+00 	   -4.34076e-02
   1.74472e-01 	    4.30640e-01 	    3.04308e-04 	    6.20324e+06 	    3.81120e+03 	    4.38662e+00 	   -4.05423e-02
   1.80205e-01 	    4.30640e-01 	    3.14308e-04 	    6.20324e+06 	    3.81120e+03 	    4.38662e+00 	   -4.08343e-02
   1.85939e-01 	    4.30640e-01 	    3.24308e-04 	    6.20324e+06 	    3.81120e+03 	    4.38662e+00 	   -4.08365e-02
   1.91672e-01 	    4.30640e-01 	    3.34308e-04 	    6.20324e+06 	    3.81120e+03 	    4.38662e+00 	   -4.08367e-02
   1.97406e-01 	    4.30640e-01 	    3.44308e-04 	    6.20324e+06 	    3.81120e+03 	    4.38662e+00 	   -4.08367e-02
   2.03139e-01 	    4.30640e-01 	    3.54308e-04 	    6.20324e+06 	    3.81120e+03 	    4.38662e+00 	   -4.08366e-02
   2.08873e-01 	    4.30640e-01 	    3.64308e-04 	    6.20324e+06 	    3.81120e+03 	    4.38662e+00 	   -4.08366e-02
   2.14607e-01 	    4.30640e-01 	    3.74308e-04 	    6.20324e+06 	    3.81120e+03 	    4.38662e+00 	   -4.08366e-02
   2.20340e-01 	    4.30640e-01 	    3.84308e-04 	    6.20324e+06 	    3.81120e+03 	    4.38662e+00 	   -4.08366e-02
   2.26074e-01 	    4.30640e-01 	    3.94308e-04 	    6.20324e+06 	    3.81120e+03 	    4.38662e+00 	   -4.08363e-02
   2.31807e-01 	    4.30640e-01 	    4.04308e-04 	    6.20324e+06 	    3.81120e+03 	    4.38662e+00 	   -4.08367e-02
   2.37541e-01 	    4.30640e-01 	    4.14308e-04 	    6.20324e+06 	    3.81120e+03 	    4.38662e+00 	   -4.08363e-02
   2.43274e-01 	    4.30640e-01 	    4.24308e-04 	    6.20324e+06 	    3.81120e+03 	    4.38662e+00 	   -4.08364e-02
   2.49008e-01 	    4.30640e-01 	    4.34308e-04 	    6.20324e+06 	    3.81120e+03 	    4.38662e+00 	   -4.08365e-02
   2.54741e-01 	    4.30640e-01 	    4.44308e-04 	    6.20324e+06 	    3.81120e+03 	    4.38662e+00 	   -4.08365e-02
   2.60475e-01 	    4.30640e-01 	    4.54308e-04 	    6.20324e+06 	    3.81120e+03 	    4.38662e+00 	   -4.08365e-02
   2.66208e-01 	    4.30640e-01 	    4.64308e-04 	    6.20324e+06 	    3.81120e+03 	    4.38662e+00 	   -4.08369e-02
   2.71942e-01 	    4.30640e-01 	    4.74308e-04 	    6.20324e+06 	    3.81120e+03 	    4.38662e+00 	   -4.08365e-02
   2.77676e-01 	    4.30640e-01 	    4.84308e-04 	    6.20324e+06 	    3.81120e+03 	    4.38662e+00 	   -4.08369e-02
   2.83409e-01 	    4.30640e-01 	    4.94308e-04 	    6.20324e+06 	    3.81120e+03 	    4.38662e+00 	   -4.08365e-02
   2.89143e-01 	    4.30640e-01 	    5.04308e-04 	    6.20324e+06 	    3.81120e+03 	    4.38662e+00 	   -4.08369e-02
   2.94876e-01 	    4.30640e-01 	    5.14308e-04 	    6.20324e+06 	    3.81120e+03 	    4.38662e+00 	   -4.08368e-02
   3.00610e-01 	    4.30640e-01 	    5.24308e-04 	    6.20324e+06 	    3.81120e+03 	    4.38662e+00 	   -4.08365e-02
   3.06343e-01 	    4.30640e-01 	    5.34308e-04 	    6.20324e+06 	    3.81120e+03 	    4.38662e+00 	   -4.08366e-02
   3.12077e-01 	    4.30640e-01 	    5.44308e-04 	    6.20324e+06 	    3.81120e+03 	    4.38662e+00 	   -4.08363e-02
   3.17810e-01 	    4.30640e-01 	    5.54308e-04 	    6.20324e+06 	    3.81120e+03 	    4.38662e+00 	   -4.08367e-02
   3.23544e-01 	    4.30640e-01 	    5.64308e-04 	    6.20324e+06 	    3.81120e+03 	    4.38662e+00 	   -4.08363e-02
   3.29277e-01 	    4.30640e-01 	    5.74308e-04 	    6.20324e+06 	    3.81120e+03 	    4.38662e+00 	   -4.08368e-02
   3.35011e-01 	    4.30640e-01 	    5.84308e-04 	    6.20324e+06 	    3.81120e+03 	    4.38662e+00 	   -4.08363e-02
   3.40745e-01 	    4.30640e-01 	    5.94308e-04 	    6.20324e+06 	    3.81120e+03 	    4.38662e+00 	   -4.08367e-02
   3.46478e-01 	    4.30640e-01 	    6.04308e-04 	    6.20324e+06 	    3.81120e+03 	    4.38662e+00 	   -4.08368e-02
   3.52212e-01 	    4.30640e-01 	    6.14308e-04 	    6.20324e+06 	    3.81120e+03 	    4.38662e+00 	   -4.08367e-02
   3.57945e-01 	    4.30640e-01 	    6.24308e-04 	    6.20324e+06 	    3.81120e+03 	    4.38662e+00 	   -4.08364e-02
   3.63679e-01 	    4.30640e-01 	    6.34308e-04 	    6.20324e+06 	    3.81120e+03 	    4.38662e+00 	   -4.08363e-02
   3.69412e-01 	    4.30640e-01 	    6.44308e-04 	    6.20324e+06 	    3.81120e+03 	    4.38662e+00 	   -4.08365e-02
   3.75146e-01 	    4.30640e-01 	    6.54308e-04 	    6.20324e+06 	    3.81120e+03 	    4.38662e+00 	   -4.08365e-02
   3.80879e-01 	    4.30640e-01 	    6.64308e-04 	    6.20324e+06 	    3.81120e+03 	    4.38662e+00 	   -4.08365e-02
   3.86613e-01 	    4.30640e-01 	    6.74308e-04 	    6.20324e+06 	    3.81120e+03 	    4.38662e+00 	   -4.08365e-02
   3.92347e-01 	    4.30640e-01 	    6.84308e-04 	    6.20324e+06 	    3.81120e+03 	    4.38662e+00 	   -4.08365e-02
   3.98080e-01 	    4.30640e-01 	    6.94308e-04 	    6.20324e+06 	    3.81120e+03 	    4.38662e+00 	   -4.08365e-02
   4.03814e-01 	    4.30640e-01 	    7.04308e-04 	    6.20324e+06 	    3.81120e+03 	    4.38662e+00 	   -4.08365e-02
   4.09547e-01 	    4.30640e-01 	    7.14308e-04 	    6.20324e+06 	    3.81120e+03 	    4.38662e+00 	   -4.08365e-02
   4.15281e-01 	    4.30640e-01 	    7.24308e-04 	    6.20324e+06 	    3.81120e+03 	    4.38662e+00 	   -4.08364e-02
   4.21014e-01 	    4.30640e-01 	    7.34308e-04 	    6.20324e+06 	    3.81120e+03 	    4.38662e+00 	   -4.08367e-02
   4.26748e-01 	    4.30640e-01 	    7.44308e-04 	    6.20324e+06 	    3.81120e+03 	    4.38662e+00 	   -4.08367e-02
   4.32481e-01 	    4.30640e-01 	    7.54308e-04 	    6.20324e+06 	    3.81120e+03 	    4.38662e+00 	   -4.08365e-02
   4.38215e-01 	    4.30640e-01 	    7.64308e-04 	    6.20324e+06 	    3.81120e+03 	    4.38662e+00 	   -4.08365e-02
   4.43948e-01 	    4.30640e-01 	    7.74308e-04 	    6.20324e+06 	    3.81120e+03 	    4.38662e+00 	   -4.08365e-02
   4.49682e-01 	    4.30640e-01 	    7.84308e-04 	    6.20324e+06 	    3.81120e+03 	    4.38662e+00 	   -4.08365e-02
   4.55416e-01 	    4.30640e-01 	    7.94308e-04 	    6.20324e+06 	    3.81120e+03 	    4.38662e+00 	   -4.08365e-02
   4.61149e-01 	    4.30640e-01 	    8.04308e-04 	    6.20324e+06 	    3.81120e+03 	    4.38662e+00 	   -4.08365e-02
   4.66883e-01 	    4.30640e-01 	    8.14308e-04 	    6.20324e+06 	    3.81120e+03 	    4.38662e+00 	   -4.08364e-02
   4.72616e-01 	    4.30640e-01 	    8.24308e-04 	    6.20324e+06 	    3.81120e+03 	    4.38662e+00 	   -4.08363e-02
   4.78350e-01 	    4.30640e-01 	    8.34308e-04 	    6.20324e+06 	    3.81120e+03 	    4.38662e+00 	   -4.08365e-02
   4.84083e-01 	    4.30640e-01 	    8.44308e-04 	    6.20324e+06 	    3.81120e+03 	    4.38662e+00 	   -4.08365e-02
   4.89817e-01 	    4.30640e-01 	    8.54308e-04 	    6.20324e+06 	    3.81120e+03 	    4.38662e+00 	   -4.08365e-02
   4.95550e-01 	    4.30640e-01 	    8.64308e-04 	    6.20324e+06 	    3.81120e+03 	    4.38662e+00 	   -4.08365e-02
   5.01284e-01 	    4.30640e-01 	    8.74308e-04 	    6.20324e+06 	    3.81120e+03 	    4.38662e+00 	   -4.08366e-02
   5.07018e-01 	    4.30640e-01 	    8.84308e-04 	    6.20324e+06 	    3.81120e+03 	    4.38662e+00 	   -4.08365e-02
   5.12751e-01 	    4.30640e-01 	    8.94308e-04 	    6.20324e+06 	    3.81120e+03 	    4.38662e+00 	   -4.08364e-02
   5.18485e-01 	    4.30640e-01 	    9.04308e-04 	    6.20324e+06 	    3.81120e+03 	    4.38662e+00 	   -4.08368e-02
   5.24218e-01 	    4.30640e-01 	    9.14308e-04 	    6.20324e+06 	    3.81120e+03 	    4.38662e+00 	   -4.08368e-02
   5.29952e-01 	    4.30640e-01 	    9.24308e-04 	    6.20324e+06 	    3.81120e+03 	    4.38662e+00 	   -4.08366e-02
   5.35685e-01 	    4.30640e-01 	    9.34308e-04 	    6.20324e+06 	    3.81120e+03 	    4.38662e+00 	   -4.08366e-02
   5.41419e-01 	    4.30640e-01 	    9.44308e-04 	    6.20324e+06 	    3.81120e+03 	    4.38662e+00 	   -4.08366e-02
   5.47152e-01 	    4.30640e-01 	    9.54308e-04 	    6.20324e+06 	    3.81120e+03 	    4.38662e+00 	   -4.08366e-02
   5.52886e-01 	    4.30640e-01 	    9.64308e-04 	    6.20324e+06 	    3.81120e+03 	    4.38662e+00 	   -4.08366e-02
   5.58619e-01 	    4.30640e-01 	    9.74308e-04 	    6.20324e+06 	    3.81120e+03 	    4.38662e+00 	   -4.08366e-02
   5.64353e-01 	    4.30640e-01 	    9.84308e-04 	    6.20324e+06 	    3.81120e+03 	    4.38662e+00 	   -4.08366e-02
   5.70087e-01 	    4.30640e-01 	    9.94308e-04 	    6.20324e+06 	    3.81120e+03 	    4.38662e+00 	   -4.08366e-02
   5.73350e-01 	    4.30640e-01 	    1.00000e-03 	    6.20324e+06 	    3.81120e+03 	    4.38662e+00 	   -4.08366e-02
