# CV: EXPLOSION STRUCTURE CALCULATION
# CALCULATION RUN ON 01-May-2026

# INITIAL CONDITIONS
# TEMPERATURE (K) 300.0
# PRESSURE (ATM) 1.0
# DENSITY (KG/M^3) 8.3836e-01
# SPECIES MOLE FRACTIONS: H2:2 O2:1 N2:3.76
# SHOCK SPEED (M/S) 2000.00

# Induction Times
# Time to Peak DTDt =   5.0659e-07
# Time to 0.1 Peak DTDt =   4.2951e-07
# Time to 0.9 Peak DTDt =   4.9910e-07

# REACTION ZONE STRUCTURE

# THE OUTPUT DATA COLUMNS ARE:
Variables = Time(s), Temperature(K), Pressure(atm)
0 	 1568.2 	 2835141.52
3.574e-11 	 1568.2 	 2835141.51
7.148e-11 	 1568.2 	 2835141.50
1.072e-10 	 1568.2 	 2835141.49
2.972e-10 	 1568.2 	 2835141.43
4.871e-10 	 1568.2 	 2835141.38
6.771e-10 	 1568.2 	 2835141.33
8.671e-10 	 1568.2 	 2835141.27
1.235e-09 	 1568.2 	 2835141.17
1.602e-09 	 1568.2 	 2835141.07
1.97e-09 	 1568.2 	 2835140.97
2.338e-09 	 1568.2 	 2835140.87
2.706e-09 	 1568.2 	 2835140.77
3.458e-09 	 1568.2 	 2835140.57
4.21e-09 	 1568.2 	 2835140.37
4.962e-09 	 1568.2 	 2835140.17
5.714e-09 	 1568.2 	 2835139.97
6.466e-09 	 1568.2 	 2835139.78
7.219e-09 	 1568.2 	 2835139.58
8.412e-09 	 1568.2 	 2835139.28
9.606e-09 	 1568.2 	 2835138.99
1.08e-08 	 1568.2 	 2835138.70
1.199e-08 	 1568.2 	 2835138.42
1.319e-08 	 1568.2 	 2835138.15
1.438e-08 	 1568.2 	 2835137.89
1.596e-08 	 1568.2 	 2835137.55
1.754e-08 	 1568.2 	 2835137.22
1.912e-08 	 1568.2 	 2835136.91
2.07e-08 	 1568.2 	 2835136.61
2.228e-08 	 1568.2 	 2835136.33
2.386e-08 	 1568.2 	 2835136.06
2.621e-08 	 1568.2 	 2835135.69
2.857e-08 	 1568.2 	 2835135.36
3.092e-08 	 1568.2 	 2835135.07
3.328e-08 	 1568.2 	 2835134.81
3.563e-08 	 1568.2 	 2835134.61
3.798e-08 	 1568.2 	 2835134.44
4.217e-08 	 1568.2 	 2835134.27
4.636e-08 	 1568.2 	 2835134.26
5.055e-08 	 1568.2 	 2835134.42
5.474e-08 	 1568.2 	 2835134.78
5.893e-08 	 1568.2 	 2835135.35
6.312e-08 	 1568.2 	 2835136.14
6.946e-08 	 1568.2 	 2835137.82
7.579e-08 	 1568.2 	 2835140.14
8.213e-08 	 1568.3 	 2835143.19
8.846e-08 	 1568.3 	 2835147.06
9.48e-08 	 1568.3 	 2835151.88
1.011e-07 	 1568.3 	 2835157.77
1.075e-07 	 1568.3 	 2835164.87
1.155e-07 	 1568.3 	 2835175.83
1.235e-07 	 1568.3 	 2835189.39
1.315e-07 	 1568.3 	 2835206.00
1.395e-07 	 1568.3 	 2835226.20
1.475e-07 	 1568.3 	 2835250.63
1.555e-07 	 1568.3 	 2835280.05
1.635e-07 	 1568.4 	 2835315.37
1.715e-07 	 1568.4 	 2835357.81
1.795e-07 	 1568.4 	 2835408.55
1.875e-07 	 1568.5 	 2835469.12
1.956e-07 	 1568.5 	 2835541.37
2.036e-07 	 1568.6 	 2835627.51
2.116e-07 	 1568.6 	 2835730.20
2.196e-07 	 1568.7 	 2835852.68
2.277e-07 	 1568.8 	 2835998.83
2.357e-07 	 1568.9 	 2836173.43
2.437e-07 	 1569.1 	 2836382.31
2.518e-07 	 1569.2 	 2836632.60
2.598e-07 	 1569.4 	 2836933.13
2.678e-07 	 1569.7 	 2837294.82
2.758e-07 	 1570.0 	 2837731.25
2.839e-07 	 1570.3 	 2838259.35
2.919e-07 	 1570.7 	 2838900.31
2.999e-07 	 1571.2 	 2839680.74
3.079e-07 	 1571.8 	 2840634.04
3.145e-07 	 1572.4 	 2841572.84
3.211e-07 	 1573.1 	 2842684.06
3.277e-07 	 1573.9 	 2844002.00
3.342e-07 	 1574.9 	 2845567.98
3.408e-07 	 1576.1 	 2847431.68
3.474e-07 	 1577.5 	 2849652.74
3.54e-07 	 1579.1 	 2852302.50
3.606e-07 	 1581.1 	 2855466.14
3.671e-07 	 1583.4 	 2859244.95
3.737e-07 	 1586.2 	 2863759.06
3.803e-07 	 1589.5 	 2869150.60
3.869e-07 	 1593.4 	 2875587.55
3.921e-07 	 1597.1 	 2881660.61
3.974e-07 	 1601.4 	 2888659.00
4.027e-07 	 1606.3 	 2896721.19
4.08e-07 	 1611.9 	 2906007.20
4.123e-07 	 1617.1 	 2914577.52
4.166e-07 	 1623.0 	 2924191.99
4.209e-07 	 1629.5 	 2934981.85
4.252e-07 	 1636.9 	 2947098.10
4.295e-07 	 1645.2 	 2960715.56
4.338e-07 	 1654.5 	 2976038.01
4.381e-07 	 1665.0 	 2993304.78
4.414e-07 	 1673.9 	 3007891.77
4.446e-07 	 1683.7 	 3023906.90
4.479e-07 	 1694.5 	 3041515.57
4.506e-07 	 1704.2 	 3057303.52
4.533e-07 	 1714.7 	 3074414.44
4.559e-07 	 1726.1 	 3092983.73
4.586e-07 	 1738.5 	 3113164.30
4.613e-07 	 1752.0 	 3135128.96
4.64e-07 	 1766.8 	 3159072.96
4.664e-07 	 1781.1 	 3182121.47
4.687e-07 	 1796.5 	 3207068.10
4.706e-07 	 1809.5 	 3227946.34
4.724e-07 	 1823.3 	 3250189.03
4.743e-07 	 1838.1 	 3273900.27
4.761e-07 	 1853.9 	 3299190.57
4.78e-07 	 1870.8 	 3326176.23
4.799e-07 	 1888.9 	 3354978.03
4.823e-07 	 1914.3 	 3395390.01
4.847e-07 	 1942.1 	 3439355.96
4.865e-07 	 1964.5 	 3474724.63
4.883e-07 	 1988.4 	 3512313.15
4.901e-07 	 2013.8 	 3552188.48
4.919e-07 	 2040.9 	 3594385.34
4.937e-07 	 2069.5 	 3638893.84
4.955e-07 	 2099.7 	 3685645.61
4.973e-07 	 2131.5 	 3734499.85
4.991e-07 	 2164.6 	 3785231.19
5.009e-07 	 2199.0 	 3837522.17
5.023e-07 	 2226.8 	 3879597.10
5.037e-07 	 2255.1 	 3922152.04
5.052e-07 	 2283.6 	 3964926.03
5.066e-07 	 2312.3 	 4007644.73
5.078e-07 	 2335.9 	 4042654.85
5.089e-07 	 2359.4 	 4077290.90
5.101e-07 	 2382.7 	 4111415.75
5.113e-07 	 2405.6 	 4144907.61
5.125e-07 	 2428.2 	 4177663.62
5.136e-07 	 2450.3 	 4209602.10
5.148e-07 	 2472.3 	 4241215.24
5.16e-07 	 2493.7 	 4271877.67
5.172e-07 	 2514.5 	 4301568.67
5.184e-07 	 2534.8 	 4330284.67
5.196e-07 	 2554.4 	 4358036.16
5.208e-07 	 2573.4 	 4384844.32
5.22e-07 	 2591.9 	 4410737.90
5.232e-07 	 2609.8 	 4435750.46
5.244e-07 	 2627.2 	 4459918.19
5.256e-07 	 2644.4 	 4483792.53
5.268e-07 	 2661.0 	 4506862.20
5.281e-07 	 2677.2 	 4529165.65
5.293e-07 	 2692.9 	 4550739.68
5.305e-07 	 2708.1 	 4571619.13
5.317e-07 	 2722.8 	 4591836.85
5.333e-07 	 2740.9 	 4616551.06
5.348e-07 	 2758.4 	 4640310.33
5.364e-07 	 2775.2 	 4663168.18
5.379e-07 	 2791.4 	 4685173.88
5.395e-07 	 2807.1 	 4706372.91
5.41e-07 	 2822.3 	 4726807.32
5.428e-07 	 2838.8 	 4749045.75
5.445e-07 	 2854.8 	 4770408.16
5.463e-07 	 2870.1 	 4790942.79
5.48e-07 	 2884.9 	 4810694.29
5.498e-07 	 2899.2 	 4829704.05
5.515e-07 	 2913.0 	 4848010.54
5.536e-07 	 2928.7 	 4868819.91
5.556e-07 	 2943.7 	 4888748.96
5.577e-07 	 2958.2 	 4907848.36
5.598e-07 	 2972.2 	 4926164.90
5.619e-07 	 2985.6 	 4943741.82
5.639e-07 	 2998.4 	 4960619.13
5.66e-07 	 3010.9 	 4976833.93
5.684e-07 	 3024.9 	 4995102.54
5.709e-07 	 3038.3 	 5012554.02
5.733e-07 	 3051.1 	 5029235.86
5.758e-07 	 3063.5 	 5045191.81
5.782e-07 	 3075.3 	 5060462.21
5.806e-07 	 3086.6 	 5075084.36
5.842e-07 	 3102.4 	 5095346.55
5.877e-07 	 3117.2 	 5114397.27
5.913e-07 	 3131.2 	 5132324.68
5.949e-07 	 3144.5 	 5149208.42
5.984e-07 	 3157.0 	 5165120.66
6.02e-07 	 3168.8 	 5180127.03
6.067e-07 	 3183.4 	 5198686.92
6.114e-07 	 3197.0 	 5215891.01
6.161e-07 	 3209.7 	 5231850.93
6.208e-07 	 3221.5 	 5246667.06
6.255e-07 	 3232.4 	 5260429.97
6.302e-07 	 3242.6 	 5273221.64
6.36e-07 	 3254.3 	 5287800.01
6.419e-07 	 3265.0 	 5301134.81
6.477e-07 	 3274.8 	 5313339.38
6.535e-07 	 3283.7 	 5324515.56
6.593e-07 	 3292.0 	 5334755.07
6.651e-07 	 3299.6 	 5344140.67
6.73e-07 	 3308.9 	 5355638.64
6.809e-07 	 3317.1 	 5365868.82
6.888e-07 	 3324.5 	 5374976.72
6.967e-07 	 3331.1 	 5383090.26
7.046e-07 	 3337.0 	 5390322.06
7.125e-07 	 3342.2 	 5396771.29
7.233e-07 	 3348.5 	 5404477.09
7.341e-07 	 3353.9 	 5411076.17
7.448e-07 	 3358.5 	 5416731.31
7.556e-07 	 3362.5 	 5421580.65
7.664e-07 	 3365.9 	 5425741.56
7.772e-07 	 3368.8 	 5429313.71
7.909e-07 	 3371.9 	 5433143.26
8.047e-07 	 3374.5 	 5436300.56
8.184e-07 	 3376.7 	 5438904.73
8.321e-07 	 3378.4 	 5441053.66
8.459e-07 	 3379.9 	 5442827.74
8.596e-07 	 3381.1 	 5444292.89
8.777e-07 	 3382.4 	 5445841.38
8.958e-07 	 3383.4 	 5447046.00
9.138e-07 	 3384.1 	 5447983.05
9.319e-07 	 3384.7 	 5448712.08
9.5e-07 	 3385.2 	 5449279.50
9.681e-07 	 3385.5 	 5449721.28
9.878e-07 	 3385.9 	 5450092.24
1.008e-06 	 3386.1 	 5450374.41
1.027e-06 	 3386.3 	 5450589.25
1.047e-06 	 3386.4 	 5450752.92
1.067e-06 	 3386.5 	 5450877.59
1.096e-06 	 3386.6 	 5451010.34
1.126e-06 	 3386.7 	 5451098.64
1.156e-06 	 3386.7 	 5451157.73
1.185e-06 	 3386.8 	 5451197.27
1.215e-06 	 3386.8 	 5451223.61
1.262e-06 	 3386.8 	 5451247.75
1.308e-06 	 3386.8 	 5451260.53
1.355e-06 	 3386.8 	 5451267.63
1.402e-06 	 3386.8 	 5451271.58
1.448e-06 	 3386.8 	 5451273.65
1.545e-06 	 3386.8 	 5451275.58
1.642e-06 	 3386.8 	 5451275.86
1.738e-06 	 3386.8 	 5451275.81
1.835e-06 	 3386.8 	 5451275.78
2.801e-06 	 3386.8 	 5451275.80
3.767e-06 	 3386.8 	 5451275.81
4.734e-06 	 3386.8 	 5451275.81
1.44e-05 	 3386.8 	 5451275.81
2.406e-05 	 3386.8 	 5451275.81
3.372e-05 	 3386.8 	 5451275.81
0.0001303 	 3386.8 	 5451275.81
0.000227 	 3386.8 	 5451275.81
0.0003236 	 3386.8 	 5451275.81
0.0004236 	 3386.8 	 5451275.81
0.0005236 	 3386.8 	 5451275.81
0.0006236 	 3386.8 	 5451275.81
0.0007236 	 3386.8 	 5451275.81
0.0008236 	 3386.8 	 5451275.81
0.0009236 	 3386.8 	 5451275.81
0.001 	 3386.8 	 5451275.81
