# CV: EXPLOSION STRUCTURE CALCULATION
# CALCULATION RUN ON 01-May-2026

# INITIAL CONDITIONS
# TEMPERATURE (K) 300.0
# PRESSURE (ATM) 1.0
# DENSITY (KG/M^3) 1.1705e+00
# SPECIES MOLE FRACTIONS: C3H8:0.55 O2:5 N2:18.8
# SHOCK SPEED (M/S) 1544.54

# Induction Times
# Time to Peak DTDt =   1.9630e-04
# Time to 0.1 Peak DTDt =   1.9499e-04
# Time to 0.9 Peak DTDt =   1.9623e-04

# REACTION ZONE STRUCTURE

# THE OUTPUT DATA COLUMNS ARE:
Variables = Time(s), Temperature(K), Pressure(atm)
0 	 1280.7 	 2394407.73
9.329e-08 	 1280.7 	 2394405.01
1.866e-07 	 1280.7 	 2394402.40
2.799e-07 	 1280.7 	 2394399.85
5.571e-07 	 1280.7 	 2394392.43
8.343e-07 	 1280.7 	 2394385.10
1.112e-06 	 1280.7 	 2394377.85
1.888e-06 	 1280.7 	 2394358.31
2.665e-06 	 1280.7 	 2394339.97
3.442e-06 	 1280.7 	 2394323.28
4.825e-06 	 1280.7 	 2394298.35
6.208e-06 	 1280.6 	 2394281.61
7.591e-06 	 1280.6 	 2394275.30
8.974e-06 	 1280.6 	 2394281.18
1.123e-05 	 1280.6 	 2394319.78
1.349e-05 	 1280.6 	 2394394.41
1.575e-05 	 1280.7 	 2394502.84
1.801e-05 	 1280.7 	 2394640.48
2.092e-05 	 1280.8 	 2394852.60
2.383e-05 	 1280.9 	 2395092.70
2.674e-05 	 1280.9 	 2395351.00
2.965e-05 	 1281.0 	 2395622.20
3.257e-05 	 1281.1 	 2395905.08
3.733e-05 	 1281.3 	 2396395.28
4.21e-05 	 1281.5 	 2396917.06
4.686e-05 	 1281.7 	 2397471.61
5.163e-05 	 1281.9 	 2398061.63
5.789e-05 	 1282.2 	 2398896.54
6.416e-05 	 1282.6 	 2399806.30
7.042e-05 	 1282.9 	 2400800.64
7.669e-05 	 1283.4 	 2401890.88
8.295e-05 	 1283.8 	 2403090.53
9.176e-05 	 1284.6 	 2404995.45
0.0001006 	 1285.4 	 2407209.06
0.0001076 	 1286.3 	 2409241.33
0.0001146 	 1287.2 	 2411573.90
0.0001216 	 1288.3 	 2414281.76
0.0001269 	 1289.3 	 2416652.84
0.0001322 	 1290.4 	 2419361.79
0.0001376 	 1291.7 	 2422493.11
0.0001416 	 1292.8 	 2425227.91
0.0001457 	 1294.1 	 2428343.18
0.0001497 	 1295.6 	 2431933.14
0.0001529 	 1297.0 	 2435097.74
0.000156 	 1298.5 	 2438697.92
0.0001591 	 1300.3 	 2442840.06
0.0001615 	 1301.9 	 2446527.47
0.000164 	 1303.7 	 2450719.74
0.0001664 	 1305.8 	 2455537.50
0.0001683 	 1307.6 	 2459765.26
0.0001701 	 1309.7 	 2464553.46
0.000172 	 1312.1 	 2470028.16
0.0001735 	 1314.2 	 2474900.98
0.0001749 	 1316.7 	 2480397.85
0.0001764 	 1319.4 	 2486650.17
0.0001776 	 1321.9 	 2492289.34
0.0001787 	 1324.8 	 2498624.39
0.0001799 	 1328.0 	 2505792.55
0.0001809 	 1330.9 	 2512314.59
0.0001818 	 1334.2 	 2519608.75
0.0001827 	 1337.9 	 2527818.20
0.0001835 	 1341.2 	 2535292.60
0.0001843 	 1345.0 	 2543609.05
0.0001851 	 1349.2 	 2552914.24
0.0001857 	 1353.1 	 2561362.37
0.0001863 	 1357.3 	 2570709.39
0.0001869 	 1362.1 	 2581103.29
0.0001875 	 1366.5 	 2590683.72
0.000188 	 1371.3 	 2601241.97
0.000188 	 1371.7 	 2602244.75
0.0001881 	 1372.2 	 2603257.05
0.0001881 	 1372.7 	 2604279.15
0.0001882 	 1373.2 	 2605311.34
0.0001882 	 1373.6 	 2606353.86
0.0001884 	 1375.5 	 2610454.50
0.0001886 	 1377.5 	 2614723.88
0.0001888 	 1379.5 	 2619175.29
0.0001889 	 1381.1 	 2622685.02
0.000189 	 1382.8 	 2626283.77
0.0001892 	 1384.5 	 2629984.17
0.0001893 	 1386.2 	 2633797.10
0.0001894 	 1388.1 	 2637729.43
0.0001896 	 1390.5 	 2643023.87
0.0001898 	 1393.0 	 2648541.36
0.00019 	 1395.7 	 2654296.00
0.0001902 	 1398.5 	 2660303.43
0.0001903 	 1401.4 	 2666580.74
0.0001907 	 1407.0 	 2678788.53
0.000191 	 1413.2 	 2692086.89
0.0001913 	 1419.9 	 2706629.33
0.0001917 	 1427.3 	 2722601.34
0.0001919 	 1433.8 	 2736496.51
0.0001922 	 1440.8 	 2751578.58
0.0001924 	 1448.4 	 2768012.16
0.0001927 	 1456.8 	 2785995.36
0.0001929 	 1464.0 	 2801566.56
0.0001931 	 1471.9 	 2818417.78
0.0001933 	 1480.5 	 2836726.85
0.0001934 	 1483.2 	 2842533.04
0.0001934 	 1486.0 	 2848496.23
0.0001935 	 1486.6 	 2849840.83
0.0001935 	 1487.2 	 2851194.01
0.0001935 	 1487.9 	 2852555.38
0.0001935 	 1488.5 	 2853931.22
0.0001935 	 1489.2 	 2855314.74
0.0001935 	 1489.9 	 2856910.74
0.0001935 	 1490.7 	 2858516.23
0.0001936 	 1491.4 	 2860132.58
0.0001936 	 1492.2 	 2861760.38
0.0001936 	 1494.3 	 2866230.46
0.0001937 	 1496.4 	 2870789.30
0.0001937 	 1496.6 	 2871203.99
0.0001937 	 1496.8 	 2871619.74
0.0001937 	 1497.0 	 2872036.11
0.0001937 	 1497.2 	 2872453.66
0.0001937 	 1497.8 	 2873722.89
0.0001937 	 1498.4 	 2874998.40
0.0001937 	 1498.5 	 2875382.26
0.0001937 	 1498.7 	 2875767.14
0.0001937 	 1498.9 	 2876152.45
0.0001937 	 1499.1 	 2876538.58
0.0001937 	 1499.3 	 2876939.74
0.0001937 	 1499.5 	 2877341.90
0.0001937 	 1499.7 	 2877744.51
0.0001937 	 1499.8 	 2878147.94
0.0001937 	 1500.0 	 2878565.98
0.0001937 	 1500.2 	 2878985.13
0.0001937 	 1500.4 	 2879404.77
0.0001937 	 1500.6 	 2879825.27
0.0001937 	 1500.8 	 2880262.84
0.0001937 	 1501.0 	 2880701.67
0.0001938 	 1501.2 	 2881141.03
0.0001938 	 1501.4 	 2881581.25
0.0001938 	 1501.7 	 2882047.74
0.0001938 	 1501.9 	 2882515.50
0.0001938 	 1502.1 	 2882983.92
0.0001938 	 1502.3 	 2883453.62
0.0001938 	 1503.0 	 2884844.13
0.0001938 	 1503.6 	 2886242.06
0.0001938 	 1503.8 	 2886662.87
0.0001938 	 1504.0 	 2887084.89
0.0001938 	 1504.2 	 2887507.44
0.0001938 	 1504.4 	 2887930.92
0.0001938 	 1504.6 	 2888354.66
0.0001938 	 1504.8 	 2888779.51
0.0001938 	 1505.0 	 2889204.86
0.0001938 	 1505.2 	 2889631.10
0.0001938 	 1505.4 	 2890057.75
0.0001938 	 1505.6 	 2890485.55
0.0001938 	 1505.8 	 2890913.84
0.0001938 	 1506.0 	 2891343.05
0.0001938 	 1506.2 	 2891770.90
0.0001938 	 1506.4 	 2892199.89
0.0001939 	 1506.6 	 2892629.39
0.0001939 	 1506.8 	 2893059.80
0.0001939 	 1507.0 	 2893486.79
0.0001939 	 1507.2 	 2893914.90
0.0001939 	 1507.4 	 2894343.52
0.0001939 	 1507.6 	 2894773.06
0.0001939 	 1507.8 	 2895196.35
0.0001939 	 1508.0 	 2895620.74
0.0001939 	 1508.2 	 2896045.61
0.0001939 	 1508.4 	 2896471.41
0.0001939 	 1508.6 	 2896887.28
0.0001939 	 1508.8 	 2897304.19
0.0001939 	 1509.0 	 2897721.56
0.0001939 	 1509.2 	 2898139.86
0.0001939 	 1509.4 	 2898544.21
0.0001939 	 1509.6 	 2898949.51
0.0001939 	 1509.8 	 2899355.26
0.0001939 	 1510.0 	 2899761.92
0.0001939 	 1510.1 	 2900151.66
0.0001939 	 1510.3 	 2900542.26
0.0001939 	 1510.5 	 2900933.28
0.0001939 	 1510.7 	 2901325.17
0.0001939 	 1510.9 	 2901699.71
0.0001939 	 1511.0 	 2902075.03
0.0001939 	 1511.2 	 2902450.72
0.0001939 	 1511.4 	 2902827.25
0.0001939 	 1511.6 	 2903193.71
0.0001939 	 1511.7 	 2903560.85
0.0001939 	 1511.9 	 2903928.56
0.000194 	 1512.2 	 2904486.64
0.000194 	 1512.3 	 2904654.21
0.000194 	 1512.3 	 2904821.91
0.000194 	 1512.4 	 2904989.71
0.000194 	 1512.5 	 2905157.68
0.000194 	 1513.1 	 2906369.24
0.000194 	 1513.6 	 2907588.49
0.000194 	 1514.2 	 2908813.73
0.000194 	 1515.2 	 2910951.23
0.000194 	 1516.2 	 2913106.57
0.000194 	 1517.2 	 2915281.04
0.0001941 	 1518.3 	 2917475.07
0.0001941 	 1521.8 	 2925063.63
0.0001942 	 1525.5 	 2932893.68
0.0001942 	 1529.3 	 2940978.45
0.0001943 	 1533.2 	 2949332.73
0.0001944 	 1540.2 	 2964197.65
0.0001945 	 1547.6 	 2979976.17
0.0001946 	 1555.5 	 2996773.68
0.0001947 	 1564.0 	 3014714.52
0.0001948 	 1573.0 	 3033946.89
0.0001949 	 1584.3 	 3057872.94
0.000195 	 1596.7 	 3084073.31
0.0001951 	 1610.3 	 3112974.92
0.0001952 	 1625.5 	 3145133.03
0.0001953 	 1642.6 	 3181284.42
0.0001954 	 1657.5 	 3212696.44
0.0001955 	 1674.1 	 3247725.80
0.0001956 	 1692.8 	 3287197.60
0.0001957 	 1709.5 	 3322331.90
0.0001957 	 1728.1 	 3361668.36
0.0001958 	 1745.3 	 3397743.26
0.0001958 	 1764.4 	 3437961.04
0.0001959 	 1781.2 	 3473334.53
0.0001959 	 1799.8 	 3512376.03
0.000196 	 1820.5 	 3555730.85
0.000196 	 1838.4 	 3593398.60
0.000196 	 1858.1 	 3634659.00
0.0001961 	 1879.7 	 3680008.50
0.0001961 	 1898.2 	 3718784.92
0.0001961 	 1918.2 	 3760668.57
0.0001962 	 1939.9 	 3805898.90
0.0001962 	 1963.2 	 3854654.47
0.0001962 	 1983.7 	 3897296.40
0.0001962 	 2005.3 	 3942266.41
0.0001962 	 2023.5 	 3980035.40
0.0001963 	 2042.3 	 4018946.69
0.0001963 	 2061.5 	 4058668.59
0.0001963 	 2081.0 	 4098747.22
0.0001963 	 2100.5 	 4138608.66
0.0001963 	 2119.6 	 4177586.74
0.0001964 	 2138.1 	 4214984.27
0.0001964 	 2152.0 	 4242814.00
0.0001964 	 2165.2 	 4269032.88
0.0001964 	 2177.6 	 4293490.50
0.0001964 	 2189.2 	 4316130.88
0.0001964 	 2200.0 	 4336989.60
0.0001964 	 2210.0 	 4356177.69
0.0001965 	 2220.0 	 4375072.81
0.0001965 	 2229.3 	 4392458.45
0.0001965 	 2238.1 	 4408562.33
0.0001965 	 2246.3 	 4423592.69
0.0001965 	 2254.2 	 4437730.99
0.0001965 	 2261.6 	 4451130.35
0.0001965 	 2269.3 	 4464616.50
0.0001966 	 2276.6 	 4477537.76
0.0001966 	 2283.7 	 4489988.50
0.0001966 	 2290.6 	 4502043.28
0.0001966 	 2297.4 	 4513760.47
0.0001966 	 2304.0 	 4525185.97
0.0001967 	 2312.9 	 4540518.93
0.0001967 	 2321.6 	 4555438.06
0.0001967 	 2330.2 	 4569994.42
0.0001967 	 2338.5 	 4584225.26
0.0001967 	 2346.7 	 4598157.38
0.0001968 	 2354.7 	 4611809.81
0.0001968 	 2365.0 	 4629159.41
0.0001968 	 2375.0 	 4646078.33
0.0001969 	 2384.8 	 4662579.11
0.0001969 	 2394.3 	 4678669.86
0.0001969 	 2403.6 	 4694355.92
0.0001969 	 2412.7 	 4709640.90
0.000197 	 2427.3 	 4734108.43
0.000197 	 2441.3 	 4757490.89
0.0001971 	 2454.7 	 4779798.91
0.0001971 	 2467.4 	 4801049.54
0.0001972 	 2479.6 	 4821263.79
0.0001972 	 2483.1 	 4827129.18
0.0001972 	 2486.6 	 4832903.73
0.0001972 	 2490.0 	 4838588.32
0.0001972 	 2493.4 	 4844183.78
0.0001973 	 2496.7 	 4849690.69
0.0001973 	 2500.0 	 4855109.82
0.0001973 	 2507.1 	 4866764.22
0.0001973 	 2513.9 	 4878006.03
0.0001974 	 2520.4 	 4888845.22
0.0001974 	 2526.8 	 4899291.54
0.0001974 	 2532.9 	 4909354.62
0.0001974 	 2537.4 	 4916781.15
0.0001975 	 2541.8 	 4923995.48
0.0001975 	 2546.0 	 4931002.73
0.0001975 	 2550.2 	 4937807.90
0.0001975 	 2554.2 	 4944415.90
0.0001976 	 2565.6 	 4963175.25
0.0001977 	 2576.1 	 4980322.22
0.0001978 	 2585.7 	 4995985.43
0.0001978 	 2588.4 	 5000413.75
0.0001978 	 2591.0 	 5004724.66
0.0001978 	 2591.8 	 5005995.96
0.0001978 	 2592.6 	 5007257.19
0.0001978 	 2592.8 	 5007633.32
0.0001978 	 2593.1 	 5008008.30
0.0001978 	 2593.3 	 5008382.30
0.0001978 	 2593.5 	 5008755.38
0.0001978 	 2593.7 	 5009127.57
0.0001978 	 2595.2 	 5011579.57
0.0001979 	 2596.7 	 5013991.86
0.0001979 	 2598.2 	 5016364.97
0.0001979 	 2599.6 	 5018699.51
0.0001979 	 2602.9 	 5024017.45
0.0001979 	 2606.0 	 5029135.34
0.000198 	 2609.1 	 5034060.89
0.000198 	 2612.0 	 5038801.37
0.000198 	 2614.8 	 5043363.80
0.0001981 	 2620.4 	 5052447.44
0.0001982 	 2625.5 	 5060826.98
0.0001982 	 2630.3 	 5068560.21
0.0001983 	 2634.7 	 5075700.07
0.0001984 	 2638.8 	 5082295.36
0.0001984 	 2640.2 	 5084573.44
0.0001984 	 2641.5 	 5086786.15
0.0001984 	 2642.9 	 5088935.80
0.0001985 	 2644.2 	 5091024.08
0.0001985 	 2645.4 	 5093052.31
0.0001985 	 2646.6 	 5095022.74
0.0001985 	 2648.2 	 5097521.47
0.0001986 	 2649.7 	 5099929.85
0.0001986 	 2651.1 	 5102251.45
0.0001986 	 2652.5 	 5104488.33
0.0001987 	 2653.8 	 5106642.41
0.0001987 	 2656.3 	 5110665.05
0.0001988 	 2658.6 	 5114402.85
0.0001988 	 2660.8 	 5117878.15
0.0001989 	 2662.8 	 5121110.71
0.000199 	 2664.6 	 5124118.27
0.0001991 	 2667.5 	 5128771.40
0.0001992 	 2670.1 	 5132890.35
0.0001993 	 2672.4 	 5136539.15
0.0001994 	 2674.4 	 5139773.29
0.0001995 	 2676.2 	 5142641.14
0.0001996 	 2677.9 	 5145450.07
0.0001997 	 2679.4 	 5147910.03
0.0001998 	 2680.8 	 5150066.85
0.0001999 	 2681.1 	 5150660.38
0.0001999 	 2681.3 	 5150833.74
0.0001999 	 2681.4 	 5151005.04
0.0001999 	 2681.5 	 5151174.40
0.0001999 	 2681.5 	 5151224.85
0.0001999 	 2681.5 	 5151275.13
0.0001999 	 2681.6 	 5151325.22
0.0001999 	 2681.6 	 5151375.12
0.0001999 	 2681.6 	 5151424.82
0.0001999 	 2681.7 	 5151474.35
0.0001999 	 2681.7 	 5151529.69
0.0001999 	 2681.7 	 5151584.82
0.0001999 	 2681.8 	 5151639.72
0.0001999 	 2681.8 	 5151694.41
0.0001999 	 2681.8 	 5151748.88
0.0002 	 2682.2 	 5152281.90
0.0002 	 2682.5 	 5152794.15
0.0002 	 2682.8 	 5153286.42
0.0002001 	 2683.1 	 5153761.15
0.0002001 	 2683.2 	 5154007.26
0.0002001 	 2683.4 	 5154247.82
0.0002001 	 2683.5 	 5154483.18
0.0002002 	 2683.7 	 5154713.53
0.0002002 	 2684.2 	 5155553.82
0.0002003 	 2684.7 	 5156327.90
0.0002004 	 2685.1 	 5157040.81
0.0002004 	 2685.5 	 5157697.38
0.0002006 	 2686.4 	 5159073.63
0.0002008 	 2687.1 	 5160201.05
0.000201 	 2687.7 	 5161124.93
0.0002011 	 2688.2 	 5161881.45
0.0002013 	 2688.5 	 5162499.95
0.0002014 	 2688.7 	 5162670.69
0.0002014 	 2688.8 	 5162830.52
0.0002015 	 2688.9 	 5162980.15
0.0002015 	 2688.9 	 5163120.23
0.0002016 	 2689.0 	 5163251.37
0.0002016 	 2689.0 	 5163289.05
0.0002016 	 2689.1 	 5163325.96
0.0002016 	 2689.1 	 5163362.14
0.0002017 	 2689.1 	 5163397.60
0.0002017 	 2689.1 	 5163432.36
0.0002017 	 2689.2 	 5163466.43
0.0002018 	 2689.3 	 5163617.52
0.0002018 	 2689.3 	 5163754.83
0.0002019 	 2689.4 	 5163879.48
0.000202 	 2689.5 	 5163992.54
0.0002021 	 2689.6 	 5164094.94
0.0002023 	 2689.7 	 5164345.52
0.0002025 	 2689.8 	 5164528.11
0.0002028 	 2689.9 	 5164658.82
0.000203 	 2690.0 	 5164752.59
0.0002031 	 2690.0 	 5164776.80
0.0002031 	 2690.0 	 5164801.73
0.0002032 	 2690.0 	 5164838.14
0.0002032 	 2690.1 	 5164843.74
0.0002032 	 2690.1 	 5164872.83
0.0002032 	 2690.1 	 5164878.25
0.0002032 	 2690.1 	 5164880.07
0.0002032 	 2690.1 	 5164880.56
0.0002032 	 2690.1 	 5164880.85
0.0002032 	 2690.1 	 5164880.93
0.0002032 	 2690.1 	 5164880.61
0.0002032 	 2690.1 	 5164880.55
0.0002032 	 2690.1 	 5164881.14
0.0002032 	 2690.1 	 5164882.13
0.0002032 	 2690.1 	 5164883.15
0.0002032 	 2690.1 	 5164884.54
0.0002033 	 2690.1 	 5164885.72
0.0002033 	 2690.1 	 5164887.23
0.0002033 	 2690.1 	 5164887.77
0.0002033 	 2690.1 	 5164888.24
0.0002033 	 2690.1 	 5164888.69
0.0002033 	 2690.1 	 5164889.14
0.0002033 	 2690.1 	 5164889.61
0.0002033 	 2690.1 	 5164892.33
0.0002033 	 2690.1 	 5164894.78
0.0002033 	 2690.1 	 5164897.05
0.0002033 	 2690.1 	 5164899.39
0.0002033 	 2690.1 	 5164901.09
0.0002033 	 2690.1 	 5164902.74
0.0002033 	 2690.1 	 5164905.13
0.0002033 	 2690.1 	 5164907.07
0.0002033 	 2690.1 	 5164908.86
0.0002033 	 2690.1 	 5164910.60
0.0002033 	 2690.1 	 5164913.40
0.0002034 	 2690.1 	 5164916.95
0.0002034 	 2690.1 	 5164919.68
0.0002034 	 2690.1 	 5164922.65
0.0002034 	 2690.1 	 5164925.45
0.0002034 	 2690.1 	 5164926.02
0.0002034 	 2690.1 	 5164926.58
0.0002034 	 2690.1 	 5164927.20
0.0002034 	 2690.1 	 5164927.41
0.0002034 	 2690.1 	 5164927.61
0.0002034 	 2690.1 	 5164927.84
0.0002034 	 2690.1 	 5164927.97
0.0002034 	 2690.1 	 5164928.10
0.0002034 	 2690.1 	 5164928.24
0.0002034 	 2690.1 	 5164929.59
0.0002034 	 2690.1 	 5164930.92
0.0002034 	 2690.1 	 5164932.21
0.0002035 	 2690.1 	 5164942.96
0.0002036 	 2690.1 	 5164951.53
0.0002036 	 2690.1 	 5164958.12
0.0002039 	 2690.1 	 5164969.45
0.0002041 	 2690.1 	 5164968.10
0.0002043 	 2690.1 	 5164956.89
0.0002045 	 2690.1 	 5164938.08
0.0002049 	 2690.1 	 5164887.09
0.0002053 	 2690.1 	 5164822.76
0.0002057 	 2690.1 	 5164750.18
0.0002061 	 2690.0 	 5164672.30
0.0002065 	 2690.0 	 5164590.98
0.0002072 	 2689.9 	 5164459.05
0.0002078 	 2689.8 	 5164324.55
0.0002084 	 2689.8 	 5164188.98
0.0002091 	 2689.7 	 5164052.93
0.0002097 	 2689.6 	 5163916.71
0.0002113 	 2689.5 	 5163585.06
0.0002128 	 2689.3 	 5163254.38
0.0002144 	 2689.1 	 5162929.65
0.0002159 	 2689.0 	 5162605.48
0.0002176 	 2688.8 	 5162251.51
0.0002193 	 2688.6 	 5161897.92
0.000221 	 2688.5 	 5161545.46
0.0002227 	 2688.3 	 5161194.34
0.0002281 	 2687.7 	 5160075.65
0.0002283 	 2687.7 	 5160045.64
0.0002284 	 2687.7 	 5160015.63
0.0002285 	 2687.7 	 5159985.63
0.0002287 	 2687.7 	 5159955.64
0.0002299 	 2687.5 	 5159702.52
0.0002312 	 2687.4 	 5159450.20
0.0002324 	 2687.3 	 5159198.69
0.0002351 	 2687.0 	 5158666.82
0.0002377 	 2686.8 	 5158138.46
0.0002403 	 2686.5 	 5157613.75
0.000243 	 2686.2 	 5157092.70
0.0002463 	 2685.9 	 5156434.84
0.0002497 	 2685.6 	 5155782.78
0.000253 	 2685.2 	 5155137.10
0.000254 	 2685.2 	 5154944.63
0.000255 	 2685.1 	 5154752.71
0.0002561 	 2685.0 	 5154561.36
0.0002564 	 2684.9 	 5154504.02
0.0002567 	 2684.9 	 5154446.72
0.000257 	 2684.9 	 5154389.43
0.0002573 	 2684.8 	 5154332.19
0.000258 	 2684.8 	 5154198.31
0.0002587 	 2684.7 	 5154064.67
0.0002594 	 2684.6 	 5153931.28
0.0002596 	 2684.6 	 5153891.31
0.0002598 	 2684.6 	 5153851.36
0.00026 	 2684.6 	 5153811.44
0.0002602 	 2684.6 	 5153771.54
0.0002624 	 2684.4 	 5153373.79
0.000263 	 2684.3 	 5153254.91
0.0002636 	 2684.2 	 5153136.24
0.0002643 	 2684.2 	 5153017.77
0.0002649 	 2684.1 	 5152899.51
0.0002663 	 2684.0 	 5152645.03
0.0002677 	 2683.9 	 5152392.32
0.0002684 	 2683.8 	 5152263.22
0.0002689 	 2683.8 	 5152167.29
0.0002694 	 2683.7 	 5152071.33
0.0002699 	 2683.7 	 5151975.51
0.0002704 	 2683.6 	 5151879.83
0.0002724 	 2683.4 	 5151532.58
0.0002743 	 2683.3 	 5151187.01
0.0002762 	 2683.1 	 5150843.18
0.0002767 	 2683.1 	 5150740.38
0.0002773 	 2683.0 	 5150637.76
0.0002779 	 2682.9 	 5150535.29
0.0002785 	 2682.9 	 5150432.99
0.0002795 	 2682.8 	 5150239.78
0.0002806 	 2682.7 	 5150047.14
0.0002817 	 2682.6 	 5149855.07
0.0002828 	 2682.5 	 5149664.52
0.000284 	 2682.4 	 5149454.01
0.0002846 	 2682.3 	 5149339.88
0.0002853 	 2682.3 	 5149225.76
0.0002859 	 2682.2 	 5149111.80
0.0002866 	 2682.2 	 5148998.02
0.0002888 	 2682.0 	 5148610.61
0.000291 	 2681.8 	 5148225.43
0.0002932 	 2681.6 	 5147842.58
0.0002939 	 2681.5 	 5147728.19
0.0002946 	 2681.5 	 5147614.02
0.0002952 	 2681.4 	 5147500.06
0.0002959 	 2681.4 	 5147386.31
0.0002999 	 2681.0 	 5146707.49
0.0003039 	 2680.7 	 5146036.08
0.0003079 	 2680.4 	 5145372.52
0.0003119 	 2680.0 	 5144717.36
0.0003182 	 2679.5 	 5143700.51
0.0003246 	 2679.0 	 5142703.72
0.0003309 	 2678.5 	 5141726.20
0.0003372 	 2678.1 	 5140767.14
0.0003379 	 2678.0 	 5140661.24
0.0003386 	 2678.0 	 5140555.19
0.0003393 	 2677.9 	 5140449.15
0.00034 	 2677.8 	 5140343.28
0.0003407 	 2677.8 	 5140237.70
0.0003416 	 2677.7 	 5140107.11
0.0003425 	 2677.7 	 5139976.73
0.0003433 	 2677.6 	 5139846.59
0.0003442 	 2677.5 	 5139716.74
0.0003456 	 2677.4 	 5139504.09
0.0003471 	 2677.3 	 5139292.28
0.0003475 	 2677.3 	 5139228.90
0.0003479 	 2677.3 	 5139165.60
0.0003483 	 2677.2 	 5139102.37
0.0003488 	 2677.2 	 5139039.22
0.0003525 	 2676.9 	 5138494.94
0.0003562 	 2676.7 	 5137956.44
0.0003599 	 2676.4 	 5137423.68
0.0003637 	 2676.1 	 5136896.60
0.0003747 	 2675.4 	 5135359.72
0.0003858 	 2674.6 	 5133871.21
0.0003969 	 2673.9 	 5132429.65
0.000408 	 2673.2 	 5131033.59
0.0004411 	 2671.2 	 5127114.48
0.0004742 	 2669.4 	 5123554.19
0.0005074 	 2667.8 	 5120318.98
0.0005405 	 2666.3 	 5117376.74
0.0005505 	 2665.9 	 5116545.22
0.0005507 	 2665.9 	 5116523.01
0.000551 	 2665.9 	 5116500.76
0.0005513 	 2665.9 	 5116478.45
0.0005515 	 2665.9 	 5116456.09
0.0005518 	 2665.9 	 5116433.65
0.0005534 	 2665.8 	 5116303.07
0.0005549 	 2665.7 	 5116172.99
0.0005565 	 2665.7 	 5116043.53
0.0005581 	 2665.6 	 5115914.69
0.000559 	 2665.6 	 5115839.12
0.0005593 	 2665.6 	 5115816.48
0.0005596 	 2665.5 	 5115793.86
0.0005598 	 2665.5 	 5115771.24
0.0005601 	 2665.5 	 5115748.65
0.0005603 	 2665.5 	 5115733.57
0.0005605 	 2665.5 	 5115718.50
0.0005607 	 2665.5 	 5115703.46
0.000561 	 2665.5 	 5115675.46
0.0005614 	 2665.5 	 5115647.67
0.0005617 	 2665.5 	 5115619.79
0.0005626 	 2665.4 	 5115546.26
0.0005629 	 2665.4 	 5115524.22
0.0005632 	 2665.4 	 5115502.18
0.0005634 	 2665.4 	 5115480.21
0.0005638 	 2665.4 	 5115453.59
0.0005641 	 2665.4 	 5115426.98
0.0005644 	 2665.3 	 5115400.40
0.0005645 	 2665.3 	 5115395.22
0.0005646 	 2665.3 	 5115390.05
0.0005646 	 2665.3 	 5115384.87
0.0005646 	 2665.3 	 5115383.47
0.0005646 	 2665.3 	 5115382.07
0.0005647 	 2665.3 	 5115380.68
0.0005648 	 2665.3 	 5115366.72
0.000565 	 2665.3 	 5115352.77
0.0005652 	 2665.3 	 5115338.83
0.0005669 	 2665.2 	 5115200.04
0.0005687 	 2665.2 	 5115061.92
0.0005704 	 2665.1 	 5114924.47
0.0005789 	 2664.8 	 5114260.58
0.0005874 	 2664.4 	 5113611.81
0.0005959 	 2664.1 	 5112978.03
0.0006044 	 2663.8 	 5112358.94
0.0006202 	 2663.3 	 5111244.84
0.0006361 	 2662.7 	 5110178.18
0.0006519 	 2662.2 	 5109156.87
0.0006677 	 2661.7 	 5108178.88
0.0007038 	 2660.7 	 5106099.70
0.0007399 	 2659.7 	 5104215.17
0.000776 	 2658.9 	 5102505.92
0.0008121 	 2658.1 	 5100958.73
0.0008154 	 2658.0 	 5100827.13
0.0008186 	 2658.0 	 5100696.92
0.0008219 	 2657.9 	 5100568.58
0.0008251 	 2657.8 	 5100442.35
0.0008284 	 2657.8 	 5100321.24
0.000832 	 2657.7 	 5100189.31
0.0008357 	 2657.7 	 5100066.68
0.0008368 	 2657.6 	 5100029.04
0.0008379 	 2657.6 	 5099990.09
0.0008386 	 2657.6 	 5099963.19
0.0008393 	 2657.6 	 5099937.19
0.0008401 	 2657.6 	 5099910.84
0.0008402 	 2657.6 	 5099906.49
0.0008403 	 2657.6 	 5099902.12
0.0008404 	 2657.6 	 5099897.75
0.0008405 	 2657.6 	 5099893.39
0.0008407 	 2657.6 	 5099889.04
0.0008413 	 2657.6 	 5099866.24
0.0008419 	 2657.5 	 5099843.28
0.0008425 	 2657.5 	 5099820.22
0.0008431 	 2657.5 	 5099797.12
0.0008466 	 2657.5 	 5099664.56
0.0008502 	 2657.4 	 5099533.15
0.0008537 	 2657.3 	 5099402.95
0.0008549 	 2657.3 	 5099358.51
0.0008561 	 2657.3 	 5099314.17
0.0008573 	 2657.3 	 5099272.23
0.0008582 	 2657.2 	 5099242.35
0.0008591 	 2657.2 	 5099211.89
0.0008599 	 2657.2 	 5099181.10
0.0008608 	 2657.2 	 5099150.21
0.0008643 	 2657.1 	 5099023.61
0.0008678 	 2657.1 	 5098898.13
0.0008714 	 2657.0 	 5098773.81
0.0008852 	 2656.8 	 5098298.00
0.000899 	 2656.5 	 5097838.80
0.0009128 	 2656.3 	 5097395.90
0.0009167 	 2656.3 	 5097273.19
0.0009206 	 2656.2 	 5097151.53
0.0009214 	 2656.2 	 5097129.32
0.0009221 	 2656.2 	 5097108.42
0.0009229 	 2656.2 	 5097088.03
0.0009235 	 2656.1 	 5097071.03
0.0009241 	 2656.1 	 5097053.31
0.0009247 	 2656.1 	 5097035.08
0.0009253 	 2656.1 	 5097019.43
0.0009259 	 2656.1 	 5097003.13
0.0009267 	 2656.1 	 5096980.29
0.0009275 	 2656.1 	 5096956.87
0.0009283 	 2656.1 	 5096933.19
0.0009315 	 2656.0 	 5096838.45
0.0009346 	 2656.0 	 5096744.23
0.0009378 	 2655.9 	 5096650.75
0.0009402 	 2655.9 	 5096579.81
0.0009426 	 2655.9 	 5096509.27
0.000945 	 2655.8 	 5096439.16
0.0009474 	 2655.8 	 5096369.48
0.0009505 	 2655.8 	 5096281.85
0.0009536 	 2655.7 	 5096194.92
0.0009541 	 2655.7 	 5096180.96
0.0009541 	 2655.7 	 5096179.71
0.0009542 	 2655.7 	 5096178.45
0.0009542 	 2655.7 	 5096178.07
0.0009542 	 2655.7 	 5096177.70
0.0009542 	 2655.7 	 5096177.32
0.0009542 	 2655.7 	 5096176.94
0.0009543 	 2655.7 	 5096173.18
0.0009545 	 2655.7 	 5096169.43
0.0009546 	 2655.7 	 5096165.69
0.0009547 	 2655.7 	 5096161.95
0.0009561 	 2655.7 	 5096124.72
0.0009574 	 2655.7 	 5096087.64
0.0009587 	 2655.6 	 5096050.70
0.0009671 	 2655.5 	 5095821.73
0.0009755 	 2655.4 	 5095597.53
0.0009838 	 2655.3 	 5095378.01
0.0009922 	 2655.2 	 5095163.09
0.0009998 	 2655.1 	 5094971.14
0.001007 	 2655.0 	 5094782.60
0.001015 	 2654.9 	 5094597.66
0.001023 	 2654.8 	 5094416.32
0.00103 	 2654.7 	 5094247.83
0.001037 	 2654.6 	 5094082.43
0.001038 	 2654.6 	 5094052.50
0.00104 	 2654.6 	 5094022.68
0.001041 	 2654.6 	 5093992.96
0.001042 	 2654.6 	 5093963.34
0.001042 	 2654.6 	 5093962.19
0.001042 	 2654.6 	 5093961.04
0.001042 	 2654.6 	 5093960.70
0.001042 	 2654.6 	 5093960.35
0.001042 	 2654.6 	 5093960.01
0.001042 	 2654.6 	 5093959.67
0.001043 	 2654.6 	 5093956.23
0.001043 	 2654.6 	 5093952.82
0.001043 	 2654.6 	 5093949.42
0.001043 	 2654.6 	 5093946.02
0.001045 	 2654.6 	 5093912.28
0.001046 	 2654.5 	 5093878.70
0.001047 	 2654.5 	 5093868.55
0.001047 	 2654.5 	 5093858.38
0.001047 	 2654.5 	 5093848.20
0.001052 	 2654.5 	 5093747.26
0.001055 	 2654.4 	 5093673.86
0.001059 	 2654.4 	 5093601.10
0.001059 	 2654.4 	 5093594.56
0.001059 	 2654.4 	 5093588.03
0.00106 	 2654.4 	 5093581.51
0.001063 	 2654.4 	 5093517.24
0.001066 	 2654.3 	 5093453.57
0.001069 	 2654.3 	 5093390.41
0.001081 	 2654.2 	 5093134.22
0.001094 	 2654.0 	 5092885.93
0.001107 	 2653.9 	 5092645.39
0.001119 	 2653.8 	 5092412.39
0.001148 	 2653.6 	 5091904.28
0.001177 	 2653.3 	 5091433.13
0.001206 	 2653.1 	 5090996.31
0.001235 	 2652.9 	 5090591.27
0.001292 	 2652.5 	 5089869.30
0.00135 	 2652.2 	 5089248.35
0.001408 	 2652.0 	 5088713.85
0.001465 	 2651.7 	 5088253.53
0.001523 	 2651.5 	 5087857.00
0.001594 	 2651.3 	 5087443.20
0.001665 	 2651.1 	 5087098.18
0.001736 	 2651.0 	 5086809.94
0.001807 	 2650.9 	 5086568.32
0.001877 	 2650.8 	 5086364.64
0.001948 	 2650.7 	 5086191.49
0.002065 	 2650.6 	 5085956.10
0.00216 	 2650.5 	 5085796.55
0.002161 	 2650.5 	 5085795.36
0.002162 	 2650.5 	 5085794.20
0.002163 	 2650.5 	 5085793.05
0.002163 	 2650.5 	 5085791.91
0.002164 	 2650.5 	 5085790.77
0.002165 	 2650.5 	 5085789.63
0.002166 	 2650.5 	 5085788.50
0.002167 	 2650.5 	 5085787.36
0.002167 	 2650.5 	 5085786.22
0.002168 	 2650.5 	 5085785.10
0.002169 	 2650.5 	 5085783.97
0.00217 	 2650.5 	 5085782.85
0.00217 	 2650.5 	 5085781.88
0.002171 	 2650.5 	 5085780.93
0.002172 	 2650.5 	 5085779.97
0.002172 	 2650.5 	 5085779.02
0.002173 	 2650.5 	 5085778.07
0.002173 	 2650.5 	 5085777.58
0.002174 	 2650.5 	 5085777.09
0.002174 	 2650.5 	 5085776.60
0.002174 	 2650.5 	 5085776.11
0.002175 	 2650.5 	 5085775.67
0.002175 	 2650.5 	 5085775.23
0.002175 	 2650.5 	 5085774.79
0.002175 	 2650.5 	 5085774.39
0.002176 	 2650.5 	 5085774.00
0.002176 	 2650.5 	 5085773.60
0.002179 	 2650.5 	 5085769.67
0.002181 	 2650.5 	 5085765.76
0.002184 	 2650.5 	 5085761.88
0.002185 	 2650.5 	 5085760.83
0.002186 	 2650.5 	 5085759.79
0.002186 	 2650.5 	 5085758.74
0.002187 	 2650.5 	 5085757.70
0.002188 	 2650.5 	 5085756.49
0.002188 	 2650.5 	 5085756.12
0.002189 	 2650.5 	 5085755.74
0.002189 	 2650.5 	 5085755.37
0.002189 	 2650.5 	 5085755.27
0.002189 	 2650.5 	 5085755.16
0.002189 	 2650.5 	 5085755.06
0.00219 	 2650.5 	 5085754.07
0.002191 	 2650.5 	 5085753.10
0.002192 	 2650.5 	 5085752.13
0.0022 	 2650.5 	 5085742.71
0.002207 	 2650.5 	 5085733.48
0.002215 	 2650.4 	 5085724.41
0.002274 	 2650.4 	 5085661.86
0.002333 	 2650.4 	 5085607.40
0.002391 	 2650.4 	 5085560.08
0.00245 	 2650.3 	 5085518.91
0.002639 	 2650.3 	 5085419.81
0.002828 	 2650.3 	 5085355.72
0.002985 	 2650.2 	 5085318.59
0.003142 	 2650.2 	 5085291.65
0.0033 	 2650.2 	 5085272.09
0.003457 	 2650.2 	 5085257.86
0.003614 	 2650.2 	 5085247.52
0.003637 	 2650.2 	 5085245.98
0.00366 	 2650.2 	 5085244.23
0.003682 	 2650.2 	 5085242.43
0.003705 	 2650.2 	 5085240.67
0.003727 	 2650.2 	 5085238.97
0.003771 	 2650.2 	 5085235.80
0.003814 	 2650.2 	 5085232.73
0.003857 	 2650.2 	 5085229.75
0.0039 	 2650.2 	 5085226.85
0.003908 	 2650.2 	 5085226.34
0.003914 	 2650.2 	 5085225.95
0.003917 	 2650.2 	 5085225.85
0.00392 	 2650.2 	 5085225.86
0.003923 	 2650.2 	 5085226.00
0.003926 	 2650.2 	 5085226.26
0.003957 	 2650.2 	 5085235.16
0.003966 	 2650.2 	 5085236.75
0.003973 	 2650.2 	 5085236.71
0.003979 	 2650.2 	 5085236.34
0.003986 	 2650.2 	 5085235.93
0.003992 	 2650.2 	 5085235.54
0.004058 	 2650.2 	 5085231.85
0.004124 	 2650.2 	 5085228.28
0.00419 	 2650.2 	 5085224.81
0.00422 	 2650.2 	 5085223.14
0.004229 	 2650.2 	 5085222.62
0.004238 	 2650.2 	 5085230.98
0.004242 	 2650.2 	 5085232.19
0.004247 	 2650.2 	 5085232.25
0.004251 	 2650.2 	 5085232.04
0.004271 	 2650.2 	 5085230.87
0.004291 	 2650.2 	 5085229.69
0.004311 	 2650.2 	 5085228.53
0.004372 	 2650.2 	 5085225.07
0.004432 	 2650.2 	 5085221.67
0.00445 	 2650.2 	 5085220.66
0.004468 	 2650.2 	 5085219.65
0.00447 	 2650.2 	 5085219.55
0.004472 	 2650.2 	 5085219.45
0.004474 	 2650.2 	 5085219.35
0.004474 	 2650.2 	 5085219.32
0.004475 	 2650.2 	 5085219.29
0.004475 	 2650.2 	 5085219.26
0.00448 	 2650.2 	 5085219.19
0.004485 	 2650.2 	 5085219.15
0.00449 	 2650.2 	 5085219.10
0.004539 	 2650.2 	 5085218.67
0.00454 	 2650.2 	 5085218.62
0.004541 	 2650.2 	 5085219.67
0.004542 	 2650.2 	 5085220.04
0.004545 	 2650.2 	 5085220.14
0.004548 	 2650.2 	 5085220.05
0.00455 	 2650.2 	 5085219.92
0.004576 	 2650.2 	 5085218.82
0.004578 	 2650.2 	 5085218.70
0.00458 	 2650.2 	 5085218.58
0.004583 	 2650.2 	 5085220.66
0.004586 	 2650.2 	 5085221.46
0.004589 	 2650.2 	 5085221.53
0.004592 	 2650.2 	 5085221.40
0.00461 	 2650.2 	 5085220.43
0.004628 	 2650.2 	 5085219.45
0.004646 	 2650.2 	 5085218.47
0.004651 	 2650.2 	 5085218.20
0.004656 	 2650.2 	 5085217.94
0.004659 	 2650.2 	 5085217.75
0.004659 	 2650.2 	 5085217.73
0.00466 	 2650.2 	 5085217.72
0.00466 	 2650.2 	 5085217.72
0.00466 	 2650.2 	 5085217.71
0.004661 	 2650.2 	 5085217.69
0.004663 	 2650.2 	 5085218.60
0.004664 	 2650.2 	 5085218.91
0.004668 	 2650.2 	 5085219.07
0.004671 	 2650.2 	 5085219.07
0.004674 	 2650.2 	 5085219.04
0.004709 	 2650.2 	 5085218.75
0.004744 	 2650.2 	 5085218.45
0.004779 	 2650.2 	 5085218.16
0.005127 	 2650.2 	 5085215.44
0.005127 	 2650.2 	 5085215.43
0.005127 	 2650.2 	 5085215.43
0.005127 	 2650.2 	 5085215.42
0.005128 	 2650.2 	 5085215.38
0.005128 	 2650.2 	 5085215.35
0.005128 	 2650.2 	 5085215.32
0.005128 	 2650.2 	 5085215.31
0.005128 	 2650.2 	 5085215.30
0.005128 	 2650.2 	 5085215.29
0.005128 	 2650.2 	 5085215.26
0.005129 	 2650.2 	 5085215.23
0.005129 	 2650.2 	 5085215.26
0.005129 	 2650.2 	 5085215.22
0.00513 	 2650.2 	 5085215.22
0.00513 	 2650.2 	 5085215.22
0.00513 	 2650.2 	 5085215.21
0.00513 	 2650.2 	 5085215.21
0.00513 	 2650.2 	 5085215.20
0.00513 	 2650.2 	 5085215.20
0.00513 	 2650.2 	 5085215.20
0.00513 	 2650.2 	 5085215.20
0.00513 	 2650.2 	 5085215.19
0.00513 	 2650.2 	 5085215.19
0.00513 	 2650.2 	 5085215.19
0.005131 	 2650.2 	 5085215.15
0.005132 	 2650.2 	 5085215.11
0.005133 	 2650.2 	 5085215.66
0.005134 	 2650.2 	 5085216.06
0.005136 	 2650.2 	 5085216.14
0.005138 	 2650.2 	 5085216.10
0.005151 	 2650.2 	 5085215.45
0.005155 	 2650.2 	 5085215.24
0.005158 	 2650.2 	 5085215.04
0.005162 	 2650.2 	 5085217.46
0.005167 	 2650.2 	 5085218.14
0.005172 	 2650.2 	 5085218.05
0.005178 	 2650.2 	 5085217.81
0.005188 	 2650.2 	 5085217.24
0.005194 	 2650.2 	 5085216.93
0.005195 	 2650.2 	 5085216.87
0.005196 	 2650.2 	 5085216.81
0.005197 	 2650.2 	 5085217.34
0.0052 	 2650.2 	 5085217.65
0.005203 	 2650.2 	 5085217.60
0.005207 	 2650.2 	 5085217.45
0.005237 	 2650.2 	 5085215.82
0.00524 	 2650.2 	 5085215.67
0.005243 	 2650.2 	 5085215.53
0.005246 	 2650.2 	 5085215.38
0.005246 	 2650.2 	 5085215.37
0.005246 	 2650.2 	 5085215.35
0.005246 	 2650.2 	 5085215.35
0.005246 	 2650.2 	 5085215.35
0.005246 	 2650.2 	 5085215.35
0.005246 	 2650.2 	 5085215.35
0.005246 	 2650.2 	 5085215.35
0.005246 	 2650.2 	 5085215.35
0.005246 	 2650.2 	 5085215.35
0.005246 	 2650.2 	 5085215.35
0.005246 	 2650.2 	 5085215.34
0.005246 	 2650.2 	 5085215.34
0.005247 	 2650.2 	 5085215.33
0.005247 	 2650.2 	 5085215.32
0.005248 	 2650.2 	 5085215.31
0.005253 	 2650.2 	 5085215.26
0.005259 	 2650.2 	 5085215.22
0.005264 	 2650.2 	 5085215.17
0.005319 	 2650.2 	 5085214.73
0.005373 	 2650.2 	 5085214.30
0.005428 	 2650.2 	 5085213.86
0.005591 	 2650.2 	 5085212.57
0.00564 	 2650.2 	 5085212.19
0.005689 	 2650.2 	 5085212.24
0.005738 	 2650.2 	 5085212.29
0.006228 	 2650.2 	 5085212.80
0.006718 	 2650.2 	 5085213.31
0.007208 	 2650.2 	 5085213.82
0.008208 	 2650.2 	 5085214.87
0.008508 	 2650.2 	 5085212.96
0.008808 	 2650.2 	 5085210.72
0.009108 	 2650.2 	 5085208.43
0.009376 	 2650.2 	 5085206.39
0.009643 	 2650.2 	 5085204.35
0.00967 	 2650.2 	 5085204.14
0.009697 	 2650.2 	 5085203.94
0.009723 	 2650.2 	 5085204.44
0.009775 	 2650.2 	 5085204.29
0.009826 	 2650.2 	 5085203.94
0.009877 	 2650.2 	 5085203.55
0.01 	 2650.2 	 5085202.62
